-5.298751567060271e-06
-5.7686594753936086e-06
-6.278550259593364e-06
-6.831660686111027e-06
-7.4314740074744665e-06
-8.081737329981477e-06
-8.786480083909787e-06
-9.550033656191735e-06
-1.0377052247960052e-05
-1.127253502186236e-05
-1.2241849606566212e-05
-1.3290757028423665e-05
-1.442543814283287e-05
-1.5652521640407822e-05
-1.697911370565139e-05
-1.8412829408395398e-05
-1.9961825910833157e-05
-2.163483757549603e-05
-2.3441213062022643e-05
-2.5390954503005304e-05
-2.749475885158262e-05
-2.976406149574045e-05
-3.2211082236493284e-05
-3.484887372921476e-05
-3.769137248934965e-05
-4.075345256556892e-05
-4.4050981985082055e-05
-4.760088207729338e-05
-5.142118978325297e-05
-5.5531123059381594e-05
-5.995114948472971e-05
-6.470305818152105e-05
-6.981003515892446e-05
-7.529674218984938e-05
-8.118939933004558e-05
-8.751587118789825e-05
-9.430575705195899e-05
-0.00010159048498149567
-0.00010940340996304071
-0.00011777991623314895
-0.00012675752386418973
-0.00013637599970607372
-0.00014667747277220518
-0.00015770655415272758
-0.00016951046153213426
-0.00018213914838165435
-0.00019564543788928423
-0.00021008516168206787
-0.00022551730338600529
-0.0002420041470589062
-0.00025961143052047325
-0.00027840850359185296
-0.0002984684912438885
-0.000319868461639148
-0.00034268959903761316
-0.0003670173815195292
-0.00039294176346136596
-0.00042055736268206933
-0.0004499636521567107
-0.0004812651561733615
-0.000514571650786275
-0.0005499983683944768
-0.0005876662062493689
-0.0006277019386681038
-0.0006702384327011073
-0.0007154148669722816
-0.0007633769533790482
-0.0008142771613064038
-0.0008682749439746854
-0.000925536966504525
-0.0009862373352447183
-0.0010505578278692301
-0.001118688123708363
-0.001190826033736229
-0.0012671777295919675
-0.0013479579709655659
-0.0014333903306309888
-0.001523707416358919
-0.0016191510888893285
-0.0017199726750900405
-0.0018264331753711058
-0.001938803464366696
-0.0020573644838355757
-0.0021824074266686435
-0.0023142339108267454
-0.002453156141964268
-0.0025994970634239875
-0.002753590492215373
-0.0029157812395124495
-0.0030864252141283325
-0.0032658895073406262
-0.0034545524573560468
-0.0036528036916116144
-0.003861044145016368
-0.004079686052137212
-0.004309152911229278
-0.0045498794179010685
-0.004802311366088754
-0.005066905513893117
-0.005344129411701193
-0.005634461189880624
-0.005938389303186308
-0.006256412228868101
-0.006589038115300364
-0.006936784377782686
-0.007300177237972514
-0.007679751203213216
-0.008076048481808385
-0.008489618330068545
-0.0089210163267144
-0.009370803569966172
-0.009839545792373795
-0.010327812388155706
-0.01083617534750324
-0.011365208091986056
-0.011915484204846642
-0.01248757604961404
-0.01308205327008436
-0.013699481164322739
-0.014340418924925762
-0.015005417737360494
-0.015695018727757498
-0.01640975075108692
-0.01715012801019863
-0.01791664749575256
-0.018709786236620153
-0.019529998349905087
-0.020377711879312515
-0.021253325410219345
-0.022157204449443434
-0.023089677557427777
-0.02405103222032455
-0.025041510449320847
-0.026061304094509186
-0.027110549860682082
-0.028189324012645428
-0.02929763675802642
-0.030435426296142473
-0.03160255252225335
-0.03279879037759877
-0.03402382283690488
-0.0352772335266824
-0.03655849896960235
-0.03786698045258727
-0.039201915519001956
-0.040562409088524265
-0.041947424211983796
-0.04335577247260397
-0.04478610404986481
-0.046236897467472005
-0.04770644905278588
-0.04919286214163214
-0.05069403606947307
-0.0522076549976283
-0.05373117663170758
-0.05526182089818271
-0.05679655865478637
-0.058332100520252096
-0.05986488591960576
-0.061391072452174004
-0.06290652570064409
-0.06440680961111067
-0.06588717758566646
-0.06734256444058735
-0.06876757939461249
-0.07015650026279358
-0.07150326904181735
-0.07280148908235103
-0.07404442405269097
-0.07522499890505348
-0.07633580306221426
-0.07736909604545195
-0.07831681576780615
-0.07917058971476504
-0.07992174923290377
-0.08056134714034467
-0.08108017886291251
-0.0814688072892182
-0.08171759151925154
-0.08181671966278165
-0.08175624581844063
-0.08152613133633374
-0.0811162904344927
-0.08051664020273847
-0.07971715498559283
-0.07870792509157783
-0.07747921972726177
-0.0760215540007769
-0.0743257597848121
-0.07238306016787538
-0.0701851471662507
-0.0677242623013769
-0.06499327958354875
-0.06198579038693022
-0.05869618962337893
-0.05511976257675022
-0.0512527716832184
-0.047092542506345536
-0.042637548083739145
-0.037887490795335335
-0.0328433808507679
-0.027507610471533453
-0.021884022815536766
-0.015977974678436646
-0.00979639201852487
-0.003347817332602632
0.003357552031896005
0.010307835538147648
0.01748945194450069
0.024887113397520724
0.0324838318489856
0.040260938428038844
0.048198116310755705
0.05627344746548762
0.06446347360429057
0.0727432714936278
0.08108654261513944
0.0894657170795708
0.09785207147358768
0.10621586021244633
0.11452645977485837
0.12275252506481289
0.13086215691888067
0.1388230797523556
0.146602828056269
0.1541689403324592
0.16148915911329623
0.16853163522902267
0.17526513484559764
0.1816592473003015
0.18768459196906706
0.19331302227954847
0.1985178248479611
0.20327391201573414
0.20755800569061067
0.21134881081761706
0.2146271766718799
0.21737624430214808
0.2195815784555266
0.22123128291313174
0.2223160975731584
0.22282947655760665
0.222767646102001
0.22212964197714383
0.22091732555280924
0.21913537841250044
0.21679127590155353
0.21389523871626853
0.2104601644624733
0.20650153837795884
0.2020373248883366
0.19708784143943037
0.1916756142319454
0.18582521920849648
0.17956310881375304
0.1729174260306773
0.1659178082574554
0.15859518228985145
0.15098155275077998
0.1431097861677261
0.13501339192726527
0.12672630205220742
0.11828265407018779
0.10971657615160973
0.10106197649756243
0.09235234136101403
0.0836205408345066
0.07489864359082979
0.0662177456720177
0.05760780774787309
0.04909751227073849
0.04071412821781087
0.03248339526236386
0.02442942221564344
0.016574603293908943
0.008939544477211748
0.0015430166176422456
-0.005598085151747867
-0.012468765998107579
-0.01905593091628832
-0.025348382151056705
-0.031336801106446856
-0.03701370318197366
-0.04237340570552897
-0.04741196021769237
-0.052127085438481595
-0.05651810955595915
-0.06058586284271335
-0.06433260736872219
-0.0677619335523179
-0.0708786688641885
-0.07368876806961287
-0.07619921050328116
-0.07841791722889041
-0.08035361601048965
-0.08201575324946314
-0.0834144139750209
-0.08456016715034934
-0.08546403982301064
-0.08613737509037779
-0.08659178169119319
-0.08683898692425061
-0.08689084148825076
-0.08675921458407215
-0.08645590824523597
-0.0859926007049249
-0.08538085767110512
-0.08463193774970978
-0.08375691785191476
-0.08276655908129392
-0.08167126758607351
-0.08048101683503589
-0.07920561837652923
-0.07785422547427497
-0.07643580795105911
-0.07495865118384977
-0.07343084684795557
-0.0718599169749512
-0.0702529999531316
-0.06861690499905117
-0.06695764680895158
-0.06528128593763184
-0.0635930814011966
-0.06189829055933108
-0.0602012573621181
-0.05850674092764198
-0.05681816365105111
-0.05513969103157218
-0.05347401469679019
-0.051824162784225795
-0.05019318143169025
-0.048583114563695726
-0.04699630129768631
-0.04543461485463055
-0.04389953691797181
-0.04239264278209534
-0.040915360995950396
-0.03946818573784823
-0.038051744683276295
-0.03666838010744529
-0.03531663556921901
-0.033998671270733895
-0.032713869169821656
-0.031462325885864145
-0.030245837603796833
-0.029061665705177032
-0.0279121681573641
-0.026793960914981665
-0.02571155528074455
-0.024661541494772312
-0.023641921855550148
-0.022658482860270786
-0.0217042616369841
-0.020783093131161806
-0.01988982580900682
-0.01902722578144471
-0.01819511007586636
-0.01739616901528859
-0.01661771097914135
-0.01587133955576475
-0.015156837337237614
-0.014465127896566309
-0.01379608364355307
-0.013153816937695012
-0.012536917675775694
-0.011950532984677877
-0.011378881791378706
-0.010827900910630532
-0.010320102639928464
-0.009815810513289143
-0.009323691315375712
-0.008878797228412656
-0.008436744876424642
-0.007992986091330137
-0.007610754288375699
-0.0072143111497900096
-0.00682278891088932
-0.006461561658465036
-0.00616358013544946
-0.005847837702264649
-0.0055273611084209785
-0.005219663733453037
-0.004947726795679096
-0.004648188865821191
-0.004431411010719262
-0.004227024981788307
-0.003926034754299204
-0.003790667749563648
-0.0035796359507046407
-0.0032781058645637746
-0.003060187505871295
-0.0029683507457554676
-0.002820511398448727
-0.002605592737740932
-0.002599604332047626
-0.0022414083735923292
-0.0021297685418058807
-0.0019674756645660443
-0.0017448478546322347
-0.001934264099580502
-0.001608182167714509
-0.0017827623333103522
-0.0013175296517504086
-0.0014605573195095281
-0.0016191117070790467
-0.0008974391778341029
0.0
0.0
0.0
0.0
0.0
0.0
0.0
0.0
0.0
0.0
0.0
0.0
0.0
0.0
0.0
0.0
0.0
0.0
0.0
0.0
0.0
0.0
0.0
0.0
0.0
0.0
0.0
0.0
0.0
0.0
0.0
0.0
0.0
0.0
0.0
0.0
0.0
0.0
0.0
0.0
0.0
0.0
0.0
0.0
0.0
0.0
0.0
0.0
0.0
0.0
0.0
0.0
0.0
0.0
0.0
0.0
0.0
0.0
0.0
0.0
0.0
0.0
0.0
0.0
0.0
0.0
0.0
0.0
0.0
0.0
0.0
0.0
0.0
0.0
0.0
0.0
0.0
0.0
0.0
0.0
0.0
0.0
0.0
0.0
0.0
0.0
0.0
0.0
0.0
0.0
0.0
0.0
0.0
0.0