0
0
0
0
0
0
0
0
0
0
0
0
0
0
0
0
0
0
0
0
0
0
0
0
0
0
0
0
0
0
0
0
0
0
0
0
0
0
0
0
0
0
0
0
0
0
0
0
0
0
0
0
0
0
0
0
0
0
0
0
0
0
0
0
0
0
0
0
0
0
0
0
0
0
0
0
0
0
0
0
0
0
0
0
0
0
0
0
0
0
0
0
0
0
0
0
0
0
0
0
0
0
0
0
0
0
0
0
0
0
0
0
0
0
0
0
0
0
0
0
0
0
0
0
0
0
0
0
0
0
0
0
0
0
0
0
0
0
0
0
0
0
0
0
0
0
0
0
0
0
0
0
0
0
0
0
0
0
0
0
0
0
0
0
0
0
0
0
0
0
0
0
0
0
0
0
0
0
0
0
0
0
0
0
0
0
0
0
0
0
0
0
0
0
0
0
0
0
0
0
0
0
0
0
0
0
0
0
0
0
0
0
0
0
0
0
0
0
0
0
0
0
0
0
0
0
0
0
0
0
0
0
0
0
0
0
0
0
0
0
0
0
0
0
0
0
0
0
0
0
1.0000203317361103
0.9908793114550112
0.9817745293569096
0.972731089008761
0.9637733615030057
0.9549248757068565
0.946208215945719
0.9376449277715706
0.9292554323706966
0.9210589500896068
0.9130734334522798
0.9053155099554541
0.8978004348272244
0.8905420538448473
0.8835527762071171
0.8768435573704267
0.8704238916662583
0.8643018144420134
0.8584839133725102
0.8529753485443173
0.8477798808212835
0.8428999079656163
0.8383365079203796
0.8340894886433098
0.8301574438063991
0.8265378137057335
0.8232269506587445
0.8202201881839615
0.8175119132625892
0.815095640960923
0.8129640907378319
0.8111092637596465
0.809522520583141
0.8081946585878929
0.8071159885887728
0.8062764100959867
0.8056654847203141
0.8052725072804771
0.8050865742385093
0.8050966490594236
0.8052916242687317
0.805660379891253
0.8061918381307717
0.8068750140737208
0.8076990623662542
0.8086533197946905
0.8097273436917178
0.8109109462649555
0.8121942248556617
0.8135675881820688
0.815021778795701
0.8165478917278834
0.8181373896114199
0.8197821144330115
0.821474296053036
0.823206557759139
0.8249719190745564
0.8267637959162933
0.8285759986055719
0.8304027275488879
0.8322385672311774
0.8340784783690237
0.8359177888073784
0.8377521829345004
0.8395776902593483
0.8413906728861275
0.8431878125304413
0.8449660968132873
0.8467228051915812
0.848455494783118
0.8501619858995542
0.851840347536457
0.8534888832334065
0.8551061167854006
0.8566907783155928
0.8582417908050951
0.8597582568791424
0.8612394458682056
0.862684781855781
0.8640938313742167
0.8654662925019873
0.86680198392811
0.8681008347918653
0.8693628748631317
0.8705882253937437
0.8717770906497637
0.8729297496644547
0.8740465488382735
0.8751278944959141
0.8761742467739974
0.8771861128135744
0.8781640418615256
0.8791086192638713
0.8800204618505414
0.8809002136807269
0.8817485415339003
0.8825661312294091
0.8833536838170656
0.8841119130638659
0.884841542084935
0.885543300552494
0.8862179222410602
0.8868661432977928
0.887488699711195
0.8880863259400374
0.8886597524951483
0.8892097056428435
0.8897369051030544
0.8902420632563326
0.8907258838592768
0.8911890608059467
0.8916322787446792
0.8920562111728593
0.8924615189820218
0.892848851244843
0.8932188452183631
0.893572123776698
0.8939092974552959
0.894230961006458
0.8945376980908811
0.8948300768851095
0.8951086498834953
0.8953739580264374
0.8956265245707021
0.8958668611975593
0.8960954628349523
0.8963128106863175
0.8965193744780685
0.8967156033143335
0.8969019405333524
0.8970788088132702
0.897246616865191
0.8974057664231558
0.8975566397012703
0.8976996070946385
0.8978350302063467
0.8979632479808641
0.8980845990247497
0.8981993982819345
0.8983079577696066
0.8984105737968822
0.8985075369300672
0.8985991078106254
0.8986855602042634
0.8987671477047591
0.8988441110657173
0.8989166717125966
0.8989850675314309
0.8990495127619559
0.8991101930882552
0.8991673227583072
0.8992210708300618
0.899271629743511
0.8993191802531525
0.8993638541755247
0.8994058291618382
0.8994452334784732
0.8994822334115803
0.8995169527441745
0.8995494929068318
0.8995800242841583
0.8996086379916275
0.8996354336574822
0.8996605056964575
0.8996840027068149
0.8997059735369192
0.8997265270184027
0.8997457165981474
0.8997636523233309
0.8997804370927907
0.8997961104780976
0.8998107182246634
0.8998243573711224
0.899837054130264
0.8998489015189381
0.8998599110254287
0.8998702382419774
0.8998797836908485
0.8998887303535174
0.8998970288933016
0.8999047316916451
0.8999118435365279
0.8999185603924568
0.8999247338487926
0.8999304306370866
0.8999357521738914
0.8999407057351365
0.89994535079072
0.8999494707827832
0.8999534641174635
0.8999571254932186
0.8999605450481472
0.8999637570693528
0.8999664618438636
0.8999693294699499
0.8999716453421941
0.8999740450239117
0.8999758923296546
0.8999778172486268
0.8999797816632608
0.8999812357379575
0.8999828376112247
0.899984392586526
0.8999855969050652
0.8999866086642831
0.8999882481310238
0.8999888051179459
0.8999896950624967
0.8999903826037199
0.8999918445809139
0.8999925655123042
0.8999925039147644
0.8999937515939797
0.8999944366587794
0.8999945294435975
0.8999953296666067
0.8999956638886518
0.8999955063979026
0.8999964921623385
0.8999971739569222
0.8999975390108101
0.8999975713040093
0.899997251367849
0.8999965560600446
0.8999980499265771
0.8999967165916635
0.8999979319181761
0.8999991125340957
0.9000002664113363
0.8999939097516378
0.8999944604423901
0.899994963316466
0.8999954223321988
0.8999958411438753
0.8999962231146603
0.8999965713509753
0.8999968886977218
0.899997177776507
0.8999974410006314
0.8999976805805948
0.8999978985541477
0.8999980967918916
0.899998277002931
0.8999984407651168
0.8999985895072022
0.899998724564627
0.8999988471500523
0.8999989583505348
0.899999059199321
0.8999991506214503