3.1571663723829957,5.286106658435572,3.4452879479185463
3.179570638200305,5.235836766406816,3.5287886377033884
3.2020118651427576,5.18765046518598,3.61349969870834
3.2244878180845284,5.141678294096253,3.6994243233128983
3.24699835638166,5.098087396784771,3.786573511883564
3.269545494975542,5.057094265428178,3.8749668206729115
3.292133257055988,5.018982086455242,3.9646323064317923
3.314767081757646,4.98412431475987,4.055604640021305
3.337452309599931,4.953016051791248,4.147919277473365
3.3601908494735224,4.9263135820044575,4.241598642038658
3.382974475926013,4.9048775230406125,4.336623144047613
3.4057725767571596,4.889801037373932,4.43287653583945
3.4285130593374267,4.882372895308358,4.530057998634644
3.4510619166579684,4.883876897919191,4.627582425124028
3.473224795838686,4.89512442706388,4.72457142707179
3.4948084921152494,4.915799448711483,4.820112403886947
3.515739247674454,4.944049624224008,4.913792797020834
3.536143555680051,4.976703283730763,5.006098102366489
3.556302262640556,5.009901323337838,5.098248538270527
3.5765052895404104,5.039745736316194,5.19155999193841
3.5969019730077947,5.062964559562243,5.286744173302813
3.61744575190508,5.077619474533862,5.38361350965911
3.637972471695302,5.083426316346375,5.481408610030542
3.6583234265457145,5.081353843216214,5.579364309954916
3.678405555964978,5.072887480514449,5.6770051099906205
3.698186293531126,5.059493305964729,5.774136024992242
3.7176686373273715,5.0423963986187585,5.870733201617845
3.7368713190427116,5.0225496553857,5.9668527314592374
3.755817720248232,5.000673306620938,6.062578060897771
3.7745307446986747,4.977307536076938,6.157994732439352
3.7930308537963,4.952858447907582,6.253180040969985
3.8113355822178376,4.927633471973334,6.348199879999802
3.8294596738077127,4.901867365717438,6.443108736169652
3.8474154352774312,4.87574099872452,6.537950892924888
3.865213131005813,4.849394897369815,6.632761963196122
3.882861348634162,4.822939062129602,6.727570381034748
3.900367312815403,4.796460145474444,6.822398716843111
3.917737144744321,4.7700267543481605,6.917264784660038
3.9349760728403758,4.7436934100930666,7.012182552603017
3.9520886021784873,4.717503538140532,7.107162882378318
3.9690786501869333,4.691491749200508,7.202214126417212
3.9859496552225315,4.665685597566225,7.297342608982049
4.00270466352106,4.64010694940087,7.392553013770823
4.019346398971496,4.614773057138217,7.487848696592418
4.035877319257396,4.589697410223065,7.583231938106892
4.052299661167938,4.564890414042149,7.678704148617108
4.06861547728764,4.54035993569921,7.774266034441439
4.084826665802962,4.5161117457061515,7.86991773342599
4.100934994798337,4.4921498776830475,7.965658925599881
4.11694212212417,4.468476922974912,8.061488923743072
4.132849611695803,4.4450942732474745,8.157406747668873
4.148658946905385,4.422002321225072,8.25341118525958
4.164371541690898,4.39920062753698,8.349500842691395
4.17998874969797,4.376688059966709,8.445674185810272
4.195511871884135,4.354462910099414,8.541929574241061
4.210942162847613,4.332522991369978,8.63826528951419
4.22628083610863,4.31086572172516,8.734679558252758
4.241529068528254,4.289488193505263,8.831170571272423
4.256688004015773,4.268387232662366,8.927736499291377
4.27175875664697,4.247559449045239,9.024375505823171
4.286742413294821,4.227001279176007,9.121085757724925
4.301640035854682,4.2067090226887105,9.217865433790273
4.316452663132447,4.1866788734066995,9.31471273171101
4.3311813124518554,4.166906945867597,9.411625873675707
4.345826981027228,4.147389297971544,9.508603110828663
4.360390647140405,4.128121950322945,9.605642726776324
4.374873271153627,4.1091009027405745,9.702743040296676
4.389275796385379,4.0903221483432075,9.799902407383074
4.403599149870875,4.071781685548921,9.897119222731636
4.4178442430259866,4.053475528281172,9.99439192076496
4.432011972230206,4.035399714628183,10.091718976269659
4.446103219341181,4.0175503141668445,10.189098904713207
4.460118852151994,3.9999234341324583,10.286530262295319
4.47405972480013,3.982515224590066,10.384011645780584
4.487926678135718,3.9653218827403487,10.4815416921516
4.501720540055639,3.9483396564764095,10.579119078116051
4.515442125808427,3.931564847290039,10.676742519495729
4.529092238275013,3.914993812614228,10.774410770521294
4.542671668228642,3.898622967676775,10.872122623052942
4.556181194577418,3.882448786929578,10.969876905743778
4.569621584591969,3.8664678051097465,11.067672483160223
4.582993594120594,3.850676617982701,11.16550825487156
4.596297967793621,3.835071882808776,11.263383154518557
4.609535439218744,3.819650318571975,11.361296148869803
4.62270673116849,3.804408706002396,11.459246236872643
4.6358125557608645,3.789343887421677,11.557232448704745
4.648853614634388,3.7744527664362257,11.655253844831089
4.661830599117919,3.7597323074998954,11.753309515070384
4.674744190396067,3.7451795353654678,11.851398577674226
4.687595059670876,3.73079153444209,11.949520178421647
4.70038386831981,3.7165654480724175,12.047673489731096
4.713111268050882,3.7024984777435845,12.145857709791644
4.725777901054796,3.6885878822424774,12.244072061714592
4.738384400154581,3.6748309767652647,12.342315792706456
4.750931388952917,3.661225131990789,12.44058817326412
4.763419481977144,3.6477677731240217,12.53888849639241
4.775849284822187,3.6344563789174344,12.637216076844545
4.788221394291596,3.6212884806755947,12.735570250385427
4.800536398536559,3.6082616612481138,12.833950373077775
4.812794877193105,3.5953735540156013,12.932355820590953
4.82499740151757,3.5826218418720557,13.03078598753219
4.837144534520141,3.570004256207538,13.129240286799925
4.849236831096911,3.5575185758940004,13.227718148958862
4.8612748381598925,3.545162626276155,13.32621902163626
4.873259094765676,3.5329342781705,13.42474236893903
4.885190132242069,3.5208314468736797,13.523287670891118
4.8970684743133175,3.5088520911818453,13.621854422890591
4.9088946372235105,3.4969942124229267,13.720442135185973
4.920669129858252,3.485255853501863,13.81905033237116
4.932392453864857,3.473635097961141,13.91767855289847
4.944065103770627,3.46213006905591,14.016326348609137
4.955687567099651,3.450738928845779,14.114993284280812
4.967260324487816,3.4394598773024714,14.213678937191402
4.9787838497961845,3.428291151434726,14.312382896698761
4.990258610222704,3.417231024430162,14.411104763835676
5.001685066412249,3.406277804814671,14.5098441509196
5.013063672564992,3.3954298356290407,14.608600681176615
5.02439487654316,3.384685493623346,14.70737398837913
5.035679119976021,3.374043188468623,14.806163716496782
5.046916838363435,3.363501361986397,14.904969519360106
5.058108461177562,3.3530584873952236,15.003791060336459
5.069254411963018,3.3427130685746147,15.102628012017755
5.0803551084355165,3.3324636393461504,15.201480055919578
5.091410962578728,3.3223087627713634,15.300346882191251
5.102422380739705,3.31224703046633,15.399228189336416
5.113389763722568,3.302277061932625,15.498123683943763
5.12431350688088,3.2923975039046445,15.597033080427499
5.135194000208109,3.2826070297125085,15.695956100777188
