3.158415643138931,6.955695255937763,3.4499159218149
3.178472031387534,6.8923647133304256,3.5246692361862775
3.198653975712861,6.830682623158322,3.6007557996938875
3.218961006332442,6.770748542243199,3.6781947602836924
3.239394574626405,6.712683330992064,3.757012921252103
3.2599584665626566,6.656636540683968,3.8372467935256935
3.280659266163554,6.602796636197269,3.918944973935122
3.301506830196091,6.551405248129983,4.002170715039361
3.3225146778413728,6.502777202520638,4.087004307603418
3.3437000350399337,6.457328518115063,4.173544186173376
3.3650829697984106,6.415614848753768,4.26190431029358
3.386683406168081,6.378381301965754,4.352202421903681
3.4085136754037846,6.346617490814766,4.444528478715272
3.4305628983842213,6.321589497756654,4.538875700252858
3.4527703798431504,6.304767980906052,4.635018915764961
3.4749965089818,6.297496481409424,4.732373500201084
3.4970293475290473,6.300277283434621,4.830004173233411
3.5186764371196624,6.311945615714228,4.927020294319767
3.5398978316415843,6.329464400629484,5.023187662616503
3.560829456757601,6.348636608622647,5.11907464470114
3.581653503151278,6.365192479835763,5.215491965477278
3.6024471587984426,6.375784000045733,5.312792214411449
3.6231452282086813,6.378661609731998,5.410666343695003
3.6436210216767284,6.37371146408214,5.508497055237048
3.6637766026218728,6.361877058762771,5.605781662484171
3.683571585374866,6.344473791269291,5.702280591324494
3.7030090421585,6.32276422123983,5.797961864612708
3.722114053669685,6.297799746273268,5.892904420240098
3.7409190211880183,6.270404151098715,5.9872291722421
3.7594561475733417,6.24120763669426,6.081062326913593
3.7777543426839713,6.210689463881519,6.174519318350117
3.7958383583565154,6.17921511267456,6.267699467273208
3.8137289041321076,6.1470651681597275,6.3606855603847805
3.831443125916524,6.114456805591309,6.453545401781794
3.848995167877286,6.08155952524957,6.546333957369097
3.8663967026766035,6.048506653164646,6.639095496062737
3.8836573908739003,6.015403787148002,6.731865501118116
3.9007852631261097,5.982335050204156,6.824672291074471
3.9177870316926318,5.949367765884897,6.917538359439293
3.9346683417319235,5.916555990181574,7.010481467441943
3.9514339731205195,5.883943207645695,7.1035155298538
3.9680880023438303,5.851564410560063,7.196651331442144
3.9846339324645794,5.81944771812813,7.289897106522315
4.0010747976690055,5.787615649231337,7.383259008491953
4.017413247582623,5.756086131651103,7.476741491117819
4.033651615474016,5.724873308963933,7.570347619038029
4.04979197359493,5.693988190630182,7.664079321369135
4.06583617822179,5.6634391795129835,7.757937599466676
4.081785906425427,5.633232502811265,7.8519226976291865
4.097642686173308,5.603372566268552,7.9460342437400096
4.113407921038347,5.5738622469925545,8.040271365435983
4.12908291053042,5.544703136810762,8.134632786279935
4.144668866862921,5.515895745516681,8.229116905539273
4.16016692880597,5.487439671366944,8.323721864470205
4.175578173153134,5.459333744721635,8.418445601469525
4.190903624225855,5.431576149497454,8.513285898000964
4.206144261761247,5.404164526221651,8.608240416861642
4.221301027464563,5.3770960597499124,8.703306734069832
4.236374830456143,5.350367554136491,8.798482365425587
4.251366551801295,5.323975496702259,8.893764788614408
4.266277048278272,5.297916112974155,8.989151461571309
4.281107155512189,5.272185413895849,9.084639837705586
4.2958576905804104,5.246779236454178,9.180227378481147
4.310529454177644,5.221693278696834,9.275911563771265
4.325123232412757,5.196923129936563,9.371689900332726
4.339639798298662,5.172464296832881,9.467559928694747
4.354079912985426,5.148312225919505,9.563519228707259
4.368444326778953,5.124462323066174,9.659565423956652
4.382733779980712,5.100909970286649,9.75569618522395
4.396949003577977,5.0776505402528285,9.851909233135611
4.411090719809409,5.05467940880549,9.94820234013007
4.425159642627042,5.031991965736642,10.044573331850776
4.439156478071922,5.0095836240518725,10.141020088053146
4.45308192457836,4.987449827916749,10.2375405431056
4.466936673219028,4.965586059446252,10.334132686148891
4.48072140790132,4.9439878444899765,10.430794560971938
4.49443680552384,4.9226507575282525,10.527524265649806
4.508083536100305,4.901570425800199,10.624319951987513
4.521662262856912,4.880742532749368,10.721179824802505
4.535173642308627,4.860162820876713,10.818102141077091
4.548618324318372,4.839827094070833,10.91508520900574
4.561996952143235,4.819731219481367,11.012127386959348
4.575310162470044,4.79987112898957,11.109227082384674
4.588558585443536,4.780242820328058,11.206382750655207
4.601742844688699,4.76084235789161,11.303592893886606
4.614863557329208,4.741665873277296,11.400856059728104
4.627921334003428,4.722709565589211,11.498170840139798
4.640916778878939,4.703969701536047,11.595535870163667
4.653850489666708,4.685442615348793,11.692949826695344
4.6667230576356475,4.6671247085422705,11.790411427262418
4.67953506762792,4.649012449539694,11.887919428813829
4.692287098075759,4.631102373181103,11.98547262652472
4.704979721020089,4.613391080127851,12.083069852619262
4.717613502130933,4.595875236182981,12.180709975215139
4.730189000730192,4.578551571535016,12.278391897190792
4.742706769816682,4.5614168799390935,12.376114555077582
4.755167356093536,4.544468017845527,12.473876917978194
4.767571299997958,4.527701903484168,12.5716779865121
4.779919135733515,4.511115515911382,12.669516791788574
4.792211391304641,4.494705894028366,12.767392394408029
4.804448588553555,4.478470135576364,12.865303883491741
4.81663124319928,4.4624053961129695,12.96325037573985
4.828759864878946,4.4465088879765835,13.061231014517883
4.840834957190976,4.430777879240886,13.159244968971224
4.852857017740278,4.415209692665361,13.257291433167566
4.864826538185226,4.399801704642662,13.355369625266547
4.8767440042863,4.38455134414822,13.45347878671652
4.888609895956348,4.369456091692556,13.551618181477576
4.900424687312245,4.354513478280001,13.64978709527051
4.912188846727897,4.339721084374599,13.74798483485095
4.9239028368884465,4.325076538875596,13.846210727308117
4.935567114845709,4.310577518103685,13.944464119387517
4.947182132074274,4.296221744799314,14.04274437683698
4.958748334528919,4.282006987133905,14.141050883775247
4.970266162702429,4.267931057735067,14.239383042082546
4.981736051684298,4.253991812726896,14.337740270812494
4.9931584312199995,4.240187150784646,14.436122005624476
5.004533725770628,4.226515012206634,14.534527698236166
5.015862354573089,4.212973378000824,14.632956815895144
5.027144731700543,4.199560268989367,14.731408840869346
5.038381266123109,4.186273744928825,14.829883269955404
5.049572361768717,4.173111903647975,14.928379614004477
5.06071841758414,4.160072880202284,15.026897397464829
5.071819827595945,4.1471548460458605,15.125436157940698
