4.26510346341554,0.991272214407718,2.50868265876398,3.72084907402574,14.5023391137412
4.270364173547442,0.9941729191932892,2.5117690189258606,3.7178325765931364,14.49557885521626
4.275961042348854,0.9973737942137908,2.5153082893253194,3.7139906540746077,14.48993691781667
4.281791280148989,1.0008439324409024,2.5192968781639085,3.70924164485938,14.485870233065103
4.287622230372617,1.0044653644488246,2.523619961835757,3.703663852756701,14.483787151257529
4.293165820413417,1.0080611490967593,2.528067140480602,3.697523611579254,14.48379326787781
4.298232601920562,1.0114899520218754,2.532444722328667,3.69113325398711,14.485631742480715
4.302779678120564,1.0146929928356654,2.5366494435834914,3.6847107125440863,14.48889320275106
4.306849404076355,1.0176691712013828,2.540652058078904,3.67836592704959,14.493206183257142
4.310509420507359,1.0204407670574187,2.5444592010416205,3.6721423042196646,14.498293043196096
4.313825319632516,1.0230350264727248,2.548089836868437,3.6660509002306068,14.503958888217158
4.316852698822022,1.0254772689732772,2.5515649924567305,3.6600888279261423,14.510068046365946
4.319636614995601,1.027789076295338,2.55490407967434,3.654247882760309,14.516524803844172
4.322213149147721,1.0299882972949537,2.5581239127060242,3.648518358672256,14.523260204491853
4.324611243895438,1.032089575409222,2.561238713075815,3.6428906591831693,14.530223430153637
4.326854290564487,1.0341049437815202,2.564260424158367,3.637355920850796,14.537376199849795
4.328961379748297,1.0360443493680234,2.567199081683741,3.631906200812741,14.544689086972978
4.3309482552373595,1.037916078543402,2.570063153805414,3.626534477678133,14.552139052766112
4.332828034990028,1.0397270921452377,2.572859827911368,3.6212345785068227,14.559707760338059
4.334611756711115,1.0414832864591497,2.5755952442683276,3.6160010824940403,14.56738039846473
4.336308793249101,1.0431896962962717,2.5782746836651778,3.6108292235467867,14.575144844752828
4.337927171585991,1.0448506536183215,2.5809027174976,3.6057148006797575,14.582991059234212
4.339473820171597,1.0464699122528318,2.5834833279964324,3.6006540990201468,14.590910637597057
4.340954762542955,1.0480507466357392,2.5860200048424677,3.5956438218134994,14.598896476684628
4.342375270378129,1.049596030619626,2.5885158232340446,3.5906810325011143,14.606942520476135
4.343739985619172,1.051108300874806,2.590973507348421,3.5857631056237533,14.615043564621914
4.3450530187870555,1.05258980829466,2.5933954822549983,3.5808876852723635,14.623195104201885
4.346318028802011,1.0540425599916339,2.595783916654006,3.5760526499042586,14.631393213817026
4.347538288306693,1.055468353855103,2.5981407582833675,3.5712560824944477,14.639634452170542
4.348716737527949,1.0568688071857233,2.6004677634320306,3.5664962451437887,14.647915785410305
4.349856029002495,1.0582453805765484,2.60276652168519,3.5617715574127757,14.656234525000922
4.350958564962853,1.0595993979541585,2.6050384767899524,3.5570805777687884,14.664588276956978
4.360367082495822,1.0721261191203337,2.626536713706845,3.511757757605019,14.749713814871225
4.367672402932578,1.083263316790093,2.6463046600473237,3.468849086639357,14.836859563748474
4.373611671455226,1.0934192584918656,2.6647972970579574,3.4278802499706935,14.925421908278953
4.378604071455597,1.1028252784194403,2.6822743703714833,3.3885766776035267,15.015075656720056
4.382914221265662,1.111627309126914,2.6989011263343565,3.350759674196384,15.105620673687762
4.386721120104657,1.1199244854927994,2.7147910013623044,3.314302342927933,15.196921490105199
4.390151841962788,1.1277879444033798,2.730026469072778,3.279108185067231,15.288879629199126
4.393299815294896,1.1352709579104765,2.744670288710354,3.2450996915474333,15.38141947801165
4.396235540988929,1.1424148180188831,2.758772033527815,3.212211841378763,15.474480471488775
4.399013268869535,1.1492524566905398,2.7723720978788204,3.180388205814565,15.568012488135505
4.401675363772897,1.1558107770227293,2.7855042681987716,3.1495785211937197,15.661972994399454
4.404255276743412,1.1621122116047096,2.7981974330357473,3.1197371287028917,15.756325194223296
4.406779635099524,1.1681757971892723,2.810476755007195,3.090821944760495,15.85103678255491
4.409269754195212,1.1740179356567773,2.8223644947205777,3.0627937656076467,15.946079075523567
4.411742756979584,1.1796529452949398,2.833880603010738,3.035615787218692,16.04142638322905
4.414212419909698,1.1850934682656546,2.8450431551438617,3.009253266449355,16.13705554336304
4.41668982314961,1.1903507772142183,2.8558686749520485,2.9836732761547227,16.232945564309418
4.4191838577232705,1.1954350097491935,2.866372380896442,2.958844523553641,16.329077344662636
4.421701626101148,1.2003553504399431,2.87656837586329,2.934737211561758,16.42543344739748
4.42424876205287,1.2051201740302098,2.8864697958188716,2.911322929561577,16.521997914068034
4.426829688421841,1.209737159586263,2.8960889279866606,2.888574564501994,16.61875610902363
4.429447826540109,1.214213382581501,2.9054373061697487,2.866466226161504,16.715694586659907
4.432105767532323,1.2185553900312247,2.9145257887333162,2.8449731823924083,16.812800976741123
4.43480541327927,1.2227692624621833,2.923364623286662,2.8240718014968924,16.910063884213844
4.4375480930088615,1.2268606655472667,2.9319635010482075,2.803739499806814,17.00747280086172
4.440334660152719,1.2308348935466198,2.940331603121077,2.7839546931597434,17.10501802681552
4.443165573112098,1.234696906190628,2.948477640356445,2.7646967513907916,17.202690600395304
4.4460409628218445,1.2384513602650413,2.9564098880770384,2.7459459552531404,17.300482235094762
4.448960689423717,1.2421026368787587,2.964136216635172,2.7276834553760656,17.398385262759277
4.451924389911322,1.2456548651827417,2.971664118556556,2.709891233004275,17.496392582188292
4.454931518258964,1.2491119431478623,2.9790007328544172,2.6925520623497095,17.594497612526343
4.4579813792685465,1.2524775558856396,2.986152866971971,2.6756494744461823,17.69269425090983
4.461073157149141,1.255755191900231,2.993127016715023,2.659167722434255,17.79097683391616
4.464205939665762,1.258948157586021,2.9999293844638846,2.643091748225376,17.889340102424622
4.46737873855194,1.2620595902264469,3.0065658958965273,2.627407150508842,17.987779169549377
4.470590506763519,1.2650924697039874,3.013042215411723,2.6121001540707356,18.086289491346296
4.473840153057032,1.2680496290941115,3.019363760406057,2.597157580398759,18.18486684003021
4.477126554297571,1.2709337642879146,3.0255357145336212,2.582566819544059,18.28350727946781
4.480448565836555,1.2737474427630817,3.0315630400540057,2.5683158032138365,18.382207142737105
4.483805030247077,1.2764931116053713,3.0374504893596694,2.5543929790630804,18.480963011565233
4.4871947846595175,1.2791731048660042,3.043202615758352,2.5407872861556036,18.579771697475945
4.490616666903437,1.2817896503288375,3.0488237835775984,2.527488131557889,18.678630224493887
4.4940695206304735,1.2843448757497027,3.0543181776475885,2.5144853680323633,18.77753581326829
4.497552199567231,1.2868408146224426,3.059689812212947,2.5017692727916563,18.87648586649116
4.501063571024789,1.289279411518534,3.0649425393174825,2.4893305272760364,18.975477955496967
4.504602518773226,1.2916625270412934,3.0700800567009936,2.4771601979151257,19.074509807941407
4.508167945373568,1.2939919424306459,3.0751059152436033,2.4652497178342143,19.173579296465956
4.511758774046677,1.2962693638498899,3.080023525988756,2.453590869466455,19.2726844282638
4.5153739501464765,1.2984964263824927,3.0848361667738184,2.442175768031322,19.371823335470083
4.522673267846274,1.302805696000912,3.094159051622977,2.4200467647284936,19.570196242015214
4.530057913329267,1.3069315293279613,3.103098321486394,2.3988057950988746,19.768684510020638
4.5375203291761235,1.3108847997438744,3.1116760014994247,2.3784002562495545,19.967276885083304
4.545053363623741,1.3146755477088425,3.1199125090392057,2.3587815465502313,20.165963412260762
4.552650267573964,1.318313059601069,3.1278267943865354,2.339904706659486,20.364735266772264
4.560304685924098,1.3218059375750482,3.135436467226038,2.3217280960807583,20.563584608967783
4.568010645030078,1.3251621616592135,3.142757910590366,2.3042131016338514,20.762504459808447
4.575762537642654,1.3283891451128995,3.149806383644642,2.2873238745693896,20.961488593720933
4.58355510630478,1.3314937839044452,3.156596114534621,2.271027093365551,21.160531446198988
4.591383425933263,1.3344825010429109,3.1631403843741492,2.2552917495399063,21.359628033948873
4.599242886110056,1.3373612863888766,3.1694516033181044,2.2400889540830016,21.558773885727494
4.6071291734602235,1.3401357324824772,3.175541379557863,2.225391762366967,21.757964982314206
4.615038254382626,1.3428110668519289,3.181420581977459,2.211175015612692,21.957197704301432
4.62296635831629,1.3453921812042584,3.187099397125291,2.197415197202378,22.156468786592345
4.6309099616639235,1.3478836578473625,3.1925873810816503,2.1840903023090803,22.355775278664055
4.63886577244751,1.3502897936475644,3.1978935067372936,2.171179719480955,22.55511450979713
4.646830715737165,1.3526146217887853,3.2030262069411406,2.158664122964457,22.754484058591775
4.65480191986989,1.3548619315668717,3.2079934139250916,2.1465253746834354,22.953881726191426
4.662776703456517,1.3570352864240025,3.2128025953690122,2.1347464349077705,23.153305512719193
4.6707525631623,1.3591380404042948,3.2174607874306855,2.123311280749026,23.352753596503895
4.678727162238013,1.3611733531900918,3.2219746250299477,2.1122048317139686,23.55222431573292
4.686698319772635,1.36314420386039,3.2263503696462923,2.101412881628716,23.75171615222025
4.6946640006339075,1.3650534034969672,3.230593934862122,2.0909220363181955,23.951227717021325
4.702622306062507,1.3669036067494245,3.234710909859292,2.0807196564924757,24.150757737663557
4.710571464883183,1.368697322458559,3.238706581055852,2.0707938053470842,24.35030504679261
4.718509825297221,1.3704369234265854,3.2425859520507943,2.0611332004364247,24.5498685720614
4.7264358472205945,1.3721246554132565,3.24635376202747,2.051727169425074,24.74944732711199
4.734348095133201,1.3737626454285339,3.2500145027515406,2.0425656093618527,24.949040403519994
4.742245231406547,1.3753529093857109,3.2535724342865455,2.0336389491569524,25.148646963588103
4.750126010077704,1.3768973591713691,3.25703159953685,2.0249381149757184,25.348266233889994
4.757989271039954,1.3783978091839215,3.260395837718617,2.016454498290171,25.547897499478257
4.765833934621806,1.379855982386561,3.2636687968488958,2.0081799263550746,25.747540098680908
4.773658996527207,1.3812735159163043,3.266853945334699,2.0001066348986347,25.94719341842037
4.781463523112955,1.382651966286736,3.2699545827364025,1.9922272428373728,26.146856889996876
4.789246646979058,1.383992814218389,3.272973849772895,1.984534728843574,26.346529985285365
4.7970075628506015,1.3852974691274338,3.275914737629443,1.9770224096097992,26.54621221330097
4.804745523731041,1.3865672733007053,3.2787800966241787,1.9696839196694877,26.745903117093533
4.812459837307281,1.3878035057822091,3.2815726442838096,1.9625131926456392,26.945602270936284
4.820149862589981,1.3890073859941932,3.2842949728746227,1.9555044438119178,27.145309277777745
4.827815006771634,1.3901800771136967,3.2869495564311433,1.948652153860055,27.34502376692959
4.835454722288041,1.391322689223506,3.2895387573205683,1.941951053778271,27.544745391966234
4.84306850406898,1.3924362822551037,3.2920648323785566,1.9353961107526163,27.744473828814595
4.850655886964311,1.3935218687391993,3.294529938648066,1.9289825150121458,27.944208774014992
4.8582164433344985,1.3945804163785696,3.296936138751092,1.922705667544637,28.143949943136093
4.865749780793329,1.3956128504562775,3.299285405919983,1.9165611686170285,28.343697069328808
4.8732555400929645,1.3966200560915185,3.301579628713329,1.9105448070392332,28.54344990200557
4.880733393141391,1.3976028803541327,3.30382061543892,1.9046525501164782,28.74320820563292
4.888183041143421,1.3985621342480483,3.3060100983048364,1.8988805342386057,28.94297175862661
4.895604212856782,1.399498594572947,3.308149737317791,1.8932250560601132,29.14274035233949
4.902996662955806,1.4004130056728492,3.3102411239463994,1.8876825642281496,29.3425137901336
4.910360170495179,1.401306081079455,3.312285784565657,1.8822496516189011,29.542291886528552
4.917694537467654,1.4021785050576183,3.314285183697729,1.876923048046421,29.7420744664193
4.924999587448711,1.4030309340595337,3.3162407270627017,1.8716996134108674,29.94186136435698
4.932275164323406,1.4038639980940297,3.3181537644523083,1.8665763312551096,30.141652423887123
4.9395211310893155,1.4046783020165103,3.320025592438293,1.8615503027019884,30.341447496940155
4.9467373687309575,1.4054744267449104,3.3218574569263812,1.8566187407460246,30.54124644326959
4.9539237751610825,1.4062529304065996,3.323650555566049,1.8517789648755067,30.74104912993369
4.961080264224197,1.4070143494205802,3.325406040025266,1.8470283960031895,30.940855430816942