0.7226831461847292,3.5066910427954405,1.0012192595724483
0.7320070663879598,3.441473550162268,1.07645279016173
0.7415532770342372,3.377303182254133,1.1525552134335297
0.7512808274985912,3.3143882928022768,1.229677269430878
0.7611566000039844,3.2528848542824527,1.3079118758026007
0.7711527970668658,3.1929094660654824,1.3873095208331863
0.7812454818257114,3.1345474404332845,1.467888885453984
0.7914137040830694,3.077858255193359,1.5496446236521932
0.8016389604616319,3.0228795639695356,1.6325533333027031
0.8119048465472708,2.969630397743073,1.7165782866048696
0.8221968183074382,2.918113892580075,1.8016732445447479
0.8325020141638374,2.8683197137253056,1.8877855497360387
0.8428091094847812,2.8202262553629307,1.9748586237267853
0.8531081877144502,2.773802647166178,2.0628339598333185
0.8633906199849991,2.7290105756346112,2.1516526847675124
0.8736489496155995,2.6858059196206034,2.241256752840765
0.8838767804855981,2.6441401987341746,2.3315898304812075
0.8940686695965973,2.6039618363456842,2.4225979237588784
0.9042200246735702,2.5652172431659173,2.5142297965514966
0.9143270077373047,2.5278517314428157,2.606437221626193
0.9243864454245391,2.4918102729732547,2.699175101354029
0.9343957465644506,2.457038116190055,2.7924014892566342
0.944352827243949,2.4234812785437847,2.8860775383173647
0.9542560433398067,2.3910869304648426,2.980167397168688
0.9641041302903182,2.3598036865672007,3.074638070993319
0.9738961497292252,2.3295818186629886,3.169459260295954
0.9836314425038404,2.3003734037893926,3.2646031876123627
0.993309587543206,2.272132418953037,3.360044419683362
1.002930366018701,2.2448147927855833,3.45575969057641
1.012493730243271,2.2183784228523615,3.551727729620102
1.0219997767767839,2.1927831660108317,3.647929096759627
1.0314487232378204,2.167990808004285,3.74434602698112
1.0408408883619158,2.1439650174072433,3.8409622847325955
1.050176674889666,2.1206712881113576,3.9377630287393894
1.0594565549110844,2.0980768737478983,4.034734687231958
1.0686810573348036,2.076150716773398,4.1318648433390255
1.0778507571902796,2.0548633743837947,4.229142130221701
1.0869662665078321,2.034186942957936,4.326556135412802
1.096028226554223,2.0140949823494556,4.424097313762859
1.1050373012311392,1.9945624410335512,4.521756908366536
1.113994171469954,1.9755655828630048,4.619526878840692
1.12289953047998,1.9570819159834159,4.7173998363396
1.131754079726184,1.939090124296256,4.81536898471915
1.1405585255313337,1.9215700017283044,4.913428067294529
1.1493135762113964,1.9045023894657147,5.011571318673106
1.1580199396668656,1.8878691162313992,5.109793421182747
1.1666783213635334,1.8716529416241532,5.208089465454628
1.1752894226459545,1.8558375024916773,5.306454914757373
1.1838539393349685,1.8404072622754761,5.404885572715531
1.1923725605679127,1.825347463240481,5.503377554079322
1.200845967845939,1.8106440814848206,5.6019272582443875
1.2092748342581727,1.7962837846133648,5.700531345249433
1.217659823856759,1.782253891951519,5.79918671400655
1.2260015911605142,1.768542337172128,5.897890482543412
1.2343007807684112,1.75513763320727,5.996639970058786
1.2425580270663645,1.7420288393181176,6.095432680612923
1.2507739540136238,1.7292055301982912,6.194266288292494
1.2589491749966744,1.7166577669901937,6.293138623706138
1.2670842927405401,1.7043760700980293,6.392047661681337
1.2751798992686556,1.6923513936863896,6.490991510046538
1.2832365759037407,1.6805751017585497,6.589968399394306
1.2912548933033368,1.669038945714009,6.688976673731844
1.2992354115243296,1.6577350432904288,6.788014781934746
1.3071786801118106,1.6466558588004652,6.88708126992835
1.3150852382080647,1.6357941845794393,6.986174773528677
1.3229556146783041,1.6251431235647682,7.08529401188172
1.330790328250042,1.61469607293332,7.184437781446017
1.3385898876635396,1.6044467087273002,7.283604950468838
1.3463547918311134,1.594388971404017,7.382794453911244
1.3540855300033903,1.584517052249028,7.48200528878166
1.3617825819408684,1.574825380596252,7.581236509841524
1.369446418089423,1.5653086118023871,7.680487225650097
1.3770774997584736,1.5559616159265621,7.779756594918691
1.3846762793009089,1.5467794670694823,7.879043823147392
1.3922432002937755,1.537757433329416,7.978348159519934
1.3997786977191005,1.5288909673353348,8.077668894034623
1.4072831981441445,1.520175697320204,8.177005354851332
1.4147571199005646,1.5116074186999249,8.276356905836371
1.4222008732620832,1.5031820861258625,8.375722944288777
1.429614860620263,1.4948958059810193,8.475102898833015
1.4369994766580183,1.4867448292919916,8.574496227464474
1.4443551085207582,1.4787255450307042,8.673902415735343
1.451682135984771,1.470834473781769,8.773320975069577
1.4589809316228095,1.4630682617528137,8.872751441196652
1.4662518609667072,1.455423675106806,8.972193372694704
1.4734952826668917,1.4478975945966812,9.07164634963449
1.4807115486487894,1.4404870104839607,9.1711099723163
1.4879010042659433,1.433189017724297,9.270583860092712
1.4950639884499928,1.4260008114039187,9.37006765027056
1.5022008338573085,1.418919682412098,9.469560997086168
1.5093118670123766,1.4119430133357123,9.569063570748321
1.516397408447973,1.4050682745628396,9.668575056543933
1.5234577728420229,1.3982930205832524,9.768095154001772
1.5304932691513284,1.3916148864743971,9.867623576110015
1.5375042007420126,1.3850315845621928,9.967160048583688
1.54449086551695,1.378540901246705,10.066704309178434
1.5514535560399856,1.3721406939833216,10.166256107047275
1.5583925596571804,1.3658288884106986,10.265815202137333
1.5653081586150162,1.3596034756172615,10.365381364623703
1.5722006301757274,1.353462509538569,10.464954374377891
1.5790702467296769,1.3474041044783613,10.564534020468425
1.5859172759049478,1.3414264327464729,10.664120100691436
1.5927419806741947,1.335527722407295,10.763712421129172
1.5995446194587428,1.329706255132809,10.863310795734565
1.6063254462301026,1.3239603641545945,10.962915045940093
1.6130847106088584,1.318288432309529,11.062525000289357
1.6198226579610757,1.3126888901742446,11.162140494089838
1.62653952949226,1.3071602142836705,11.261761369085475
1.6332355623388717,1.3017009254292902,11.36138747314779
1.639910989657565,1.2963095870329844,11.461018659984328
1.6465660407121407,1.2909848035925573,11.560654788863353
1.653200940958244,1.285725219195321,11.660295724353743
1.659815912125957,1.2805295160962544,11.759941336079134
1.6664111723002633,1.2753964133575015,11.859591498485429
1.6729869359994698,1.2703246655461489,11.959246090620852
1.6795434142516723,1.2653130614873582,12.05890499592776
1.6860808146691935,1.2603604230701704,12.158568102045512
1.692599341521261,1.2554656041033476,12.258235300623715
1.6990991958047503,1.2506274892188605,12.357906487145238
1.705580575313194,1.2458449928206912,12.457581560758399
1.712043674704059,1.2411170580767927,12.557260424117786
1.7184886855643027,1.236442655952136,12.656942983233215
1.7249157964743187,1.2318207842809017,12.756629147326331
1.7313251930702718,1.227250466875975,12.85631882869444
1.7377170581049015,1.222730752673996,12.956011942581119
1.7440915715067797,1.2182607149143159,13.055708407053253
1.7504489104381413,1.2138394503503018,13.155408142884111
1.756789249351262,1.2094660784914912,13.255111073442137
1.7631127600434502,1.2051397408752027,13.354817124585127
1.769419611710716,1.2008596003662682,13.45452622455949
1.7757099710000799,1.1966248404836195,13.554238303904343
1.781984002060655,1.1924346647525343,13.653953295360127
1.7882418665934732,1.1882882960813883,13.753671133781541
1.794483723900057,1.18418497616186,13.853391756054544
1.8007097309299247,1.1801239648915265,13.9531151010172
1.8069200423268308,1.1761045398178975,14.052841109384193
1.8131148104740162,1.1721259956029584,14.152569723674759
1.819294185538229,1.1681876435073306,14.252300888143935
1.8254583155128954,1.1642888108932092,14.352034548716874
1.8316073462600604,1.160428840745303,14.451770652926132
1.8377414215515149,1.1566070912089723,14.55150914985172
1.8438606831087916,1.1528229351449075,14.651249990063832
1.8499652706423952,1.149075759699576,14.750993125568064
1.856055321889946,1.145364965890866,14.850738509753038
1.8621309726535633,1.1416899682082502,14.950486097340283
1.8681923568363075,1.1380501942268748,15.05023584433628
1.8742396064778108,1.1344450842350413,15.14998770798655
1.8802728517891036,1.1308740908745,15.2497416467317
1.8862922211865738,1.1273366787930634,15.349497620165302
1.8922978413252303,1.123832324309047,15.449255588993568
1.8982898371311723,1.1203605150870377,15.549015514996672
1.904268331833312,1.1169207498245923,15.648777360991689
1.9102334469943705,1.113512537949386,15.748541090797058
1.9161853025412634,1.110135399326435,15.848306669198475
1.922124016794675,1.106788863974987,15.948074061916198
1.9280497064980482,1.1034724717947135,16.047843235573648
1.9339624868459624,1.1001857723008428,16.14761415766727
1.9398624715117672,1.096928324367886,16.2473867965376
1.9457497726747228,1.0936996959816456,16.34716112134148
1.9516245010464812,1.0904994639991763,16.44693710202534
1.9574867658970159,1.0873272139164099,16.546714709299557
1.9633366750799253,1.0841825396431621,16.64649391461379
1.9691743350573074,1.0810650432852225,16.74627469013324
1.9749998509239457,1.077974334933302,16.846057008715896
1.9808133264311008,1.0749100324585559,16.94584084389056
1.9866148640096766,1.071871761314461,17.045626169835764
1.9924045647930428,1.0688591543447974,17.14541296135944
1.9981825286391945,1.065871851597539,17.245201193879396
2.003948854152566,1.0629095001444127,17.344990843404464
2.0097036387053304,1.0599717539059519,17.4447818865164
2.015446978458259,1.0570582734818204,17.54457430035239
2.021178968381166,1.054168725986241,17.644368062588253
2.0268997022728876,1.0513027848883385,17.744163151422214
2.0326092727808627,1.0484601298572351,17.843959545559272
2.038307771420292,1.0456404466117208,17.943757224196148
2.043995288592979,1.0428434267743378,18.043556167006724
2.0496719136056027,1.0400687677297562,18.143356354128063
2.0553377346878663,1.037316172487247,18.243157766146865
2.060992839010037,1.0345853495471546,18.342960384086425
2.066637312700289,1.031876012771206,18.442764189394037
2.0722712408616206,1.0291878812565443,18.542569163928842
2.077894707588417,1.0265206792133537,18.642375289950095
2.083507795982755,1.0238741358459416,18.74218255010582
2.0891105881703287,1.0212479852372025,18.841990927421865
2.094703165316017,1.0186419662363075,18.94180040529133
2.1002856076392575,1.0160558223495337,19.041610967464322
2.10585799442895,1.0134893016341424,19.14142259803812
2.1114204040582765,1.0109421565951746,19.241235281447572
2.116972913999025,1.0084141440851042,19.341049002455904
2.122515600835747,1.0059050252062303,19.44086374614577
2.1280485402796026,1.0034145652157374,19.540679497910613
2.133571807181981,1.0009425334333204,19.64049624344632
2.139085475547784,0.9984887031513183,19.74031396874314
2.144589618548515,0.9960528515472468,19.840132660077845
2.1500843085350523,0.9936347595986869,19.93995230400617
2.1555696170502667,0.9912342120004204,20.039772887355475
2.1610456148413286,0.9888509970837744,20.13959439721766
2.1665123718717747,0.9864849067380819,20.239416820942267
2.1719699573334195,0.9841357363342121,20.339240146129843
2.1774184396579384,0.9818032846500859,20.439064360625476
2.182857886528349,0.9794873537981382,20.538889452512556
2.188288364890157,0.9771877491546521,20.638715410106705
2.193709940962396,0.9749042792909131,20.738542221949917
2.1991226802483874,0.9726367559061236,20.83836987680486
2.204526647546365,0.9703849937620382,20.938198363649363
2.209921906959837,0.9681488106192505,21.038027671671056
2.2153085219078057,0.9659280271750952,21.137857790262185
2.2206865551347867,0.963722467003112,21.237688709014588
2.226056068720654,0.9615319564940258,21.337520417714796
2.2314171240902385,0.9593563247981973,21.437352906339296
2.23676978202289,0.9571954037695055,21.537186165049935
2.24211410266171,0.9550490279106167,21.63702018418946
2.2474501455227527,0.9529170343195988,21.736854954277167
2.252777969503956,0.9507992626378442,21.83669046600471
2.2580976328939726,0.948695554999265,21.936526710232005
2.26340919338083,0.9466057559807163,22.03636367798327
2.2687127080604195,0.9445297125536278,22.13620136044316
2.2740082334448783,0.9424672740367892,22.23603974895302
2.279295825470793,0.9404182920502756,22.33587883500726
2.284575539507209,0.9383826204704689,22.435718610249815
2.2898474303636283,0.9363601153861497,22.535559066470682
2.295111552297727,0.9343506350556235,22.63540019560262
2.3003679590230286,0.932354039864867,22.735241989717878
2.3056167037164457,0.9303701922866446,22.835084441025028
2.3108578390255974,0.9283989568405909,22.93492754186592
2.3160914170761426,0.9264402000542129,23.034771284712676
2.3213174894788393,0.9244937904248028,23.134615662164787
2.326536107336621,0.9225595983822287,23.234460666946294
2.33174732125145,0.920637496252569,23.334306291903026
2.336951181331088,0.9187273582225998,23.434152529999942
2.342147737195784,0.9168290603050734,23.5339993743185
2.3473370379847904,0.9149424803047917,23.63384681805415
2.352519132362825,0.9130674977854486,23.733694854513843
2.3576940685263863,0.9112039940372134,23.83354347711364
2.3628618942099884,0.9093518520450455,23.93339267937637
2.368022656692237,0.907510956457719,24.033242454929365
2.373176402801935,0.9056811935575199,24.133092797502208
2.378323178923925,0.9038624512306398,24.2329437009246
2.383463031004934,0.9020546189382039,24.332795159124245
2.3885960045593015,0.900257587687939,24.4326471661248
2.393722144674613,0.8984712500064711,24.532499716043873
2.3988414960172473,0.8966954999122124,24.632352803091077
2.4039541028377993,0.894930232888847,24.73220642156613
