3.13689970415167,3.4820406781766993,3.1788789774581763
3.1613827366504665,3.4375888178033103,3.265047687626436
3.185688046557442,3.394223310872281,3.3518178354581494
3.2098054644065424,3.3518600939370646,3.439133487812472
3.233725225120673,3.3104057059020984,3.526938019514976
3.25743758103013,3.269754130185443,3.6151727803725584
3.2809322884167798,3.229782159231609,3.7037751687713287
3.304197891531487,3.1903425447872826,3.792675776448275
3.327220672244977,3.15125374859562,3.8817940230186903
3.3499830302292852,3.1122843558131716,3.971031242097017
3.3724608606252344,3.073128951158144,4.060259303231181
3.394619105002783,3.0333701913839795,4.149301114999392
3.4164038644772905,2.9924187285033383,4.237895842823118
3.4377279051408887,2.9494194843551322,4.325634674563429
3.4584436495412634,2.903116411858644,4.41184050245622
3.4782952544317975,2.8517078897827233,4.495352691857857
3.4968524655938875,2.7928876769134208,4.574224017185186
3.5135017070026855,2.7245922876032695,4.645655033369192
3.52770154300544,2.6466498837183607,4.707089392625705
3.53946592624976,2.561406719164538,4.758367727102027
3.549441842225781,2.4719904380020865,4.802164964673501
3.5585058277308916,2.380829530203566,4.842281420632065
3.5675088751967152,2.2897278817721336,4.882530719764685
3.577220766971059,2.2003947201902188,4.9264945168575
3.5882923114726806,2.1148783390861476,4.97734241266218
3.601127813627459,2.0355813246640375,5.037198442981989
3.615744753202668,1.9645859524151357,5.106386043170214
3.63181936275941,1.902742528353539,5.183533926509543
3.6489110529353646,1.8495303611052096,5.266603248981839
3.6666420197707774,1.803689734659379,5.3537779125657
3.6847461702953357,1.7638461815220627,5.443744337390704
3.703050284960918,1.7288034597984907,5.535628042236615
3.721443875584653,1.6976083134015028,5.628859373104271
3.7398560125249456,1.6695252631006088,5.723064609604895
3.7582403848597306,1.6439908325254258,5.8179937279882346
3.776566170008784,1.6205713462385885,5.913475383580823
3.794812494002841,1.5989296853550221,6.009389179650997
3.812965031419552,1.5788006614232952,6.105648465786657
3.831013874217433,1.5599730366526923,6.202189459583056
3.848952164679295,1.5422764668735542,6.29896422910716
3.8667751970062056,1.525571965317136,6.3959360648836245
3.8844798128980274,1.509744875923273,6.493076361861415
3.9020639858033572,1.4946996408355613,6.590362475544469
3.9195265289836536,1.480355860182361,6.687776219547044
3.936866886585308,1.4666452915550843,6.785302793812987
3.954084981495869,1.4535095399857514,6.882930007370696
3.971181102785403,1.440898260785818,6.980647706032991
3.988155821233375,1.4287677473859548,7.078447345019172
4.005009925109827,1.417079811195193,7.176321665604551
4.021744370785477,1.4058008851701755,7.274264447493334
4.038360244351901,1.39490130039187,7.37227031703269
4.054858731521877,1.3843546976513135,7.470334597108724
4.071241093831688,1.3741375452936313,7.568453188509092
4.087508649692249,1.3642287413691043,7.6666224752929635
4.10366275920882,1.354609283188161,7.7648392486595
4.119704811956857,1.345261991156271,7.863100645202991
4.135636217096158,1.336171276619235,7.961404096454757
4.151458395349562,1.3273229456240818,8.059747287352755
4.167172772478024,1.3187040321697348,8.15812812182788
4.182780773965482,1.3103026558119135,8.256544694104717
4.198283820686516,1.302107899492645,8.354995264622747
4.2136833253772625,1.2941097042528418,8.453478239717947
4.228980689765802,1.2862987781092519,8.551992154383827
4.244177302246228,1.2786665168709583,8.650535657569254
4.259274536002688,1.2712049350659052,8.74910749957776
4.2742737475070784,1.2639066054651764,8.847706521217079
4.289176275327868,1.2567646059491238,8.946331644413814
4.303983439198736,1.249772472667679,9.044981864060587
4.3186965393043035,1.2429241586168347,9.143656240904788
4.33331685574812,1.236213996892948,9.24235389532153
4.347845648172985,1.2296366680007562,9.341074001840473
4.3622841555094745,1.2231871706862205,9.43981578431793
4.376633595831971,1.216860795843899,9.538578511663552
4.390895166304679,1.2106531031144574,9.637361494045495
4.405070043203283,1.2045598998426852,9.736164079509729
4.419159381999686,1.1985772221128919,9.834985650959219
4.433164317499466,1.192701317617238,9.933825623446932
4.447085964023131,1.186928630145794,10.032683441743298
4.460925415623503,1.1812557855149077,10.131558578144162
4.474683746333027,1.1756795787744967,10.230450530490653
4.488362010435231,1.1701969625549833,10.329358820375989
4.501961242755864,1.164805036432284,10.428282991517703
4.5154824589696325,1.1595010372041346,10.527222608276668
4.528926655918999,1.1542823299839562,10.62617725430673
4.54229481194243,1.1491464000295866,10.725146531320801
4.555587887209223,1.1440908452339946,10.824130057961108
4.568806824059046,1.1391133692133213,10.923127468762855
4.5819525473442,1.1342117749349712,11.022138413201573
4.595025964773298,1.1293839588349004,11.121162554816081
4.608027967254601,1.1246279053787072,11.220199570399496
4.62095942923856,1.1199416820260713,11.319249149251757
4.633821209057904,1.1153234345624143,11.418310992487951
4.6466141492649,1.1107713827653471,11.517384812397225
4.659339076965187,1.1062838163768347,11.616470331847674
4.6719968041472555,1.1018590913550084,11.71556728373318
4.684588128007463,1.0974956263819817,11.81467541045845
4.697113831270035,1.0931918996066106,11.91379446345903
4.709574682501812,1.088946445602916,12.012924202753302
4.721971436421456,1.0847578525268875,12.112064396523829
4.734304834202935,1.080624759455925,12.211214820725642
4.746575603773281,1.0765458538967254,12.310375258719311
4.758784460104257,1.0725198694486022,12.409545500926848
4.770932105498026,1.0685455836104751,12.508725344508672
4.783019229866967,1.0646218157208083,12.607914593059999
4.79504651100713,1.0607474250206803,12.70711305632526
4.8070146148659445,1.0569213088310332,12.806320549929133
4.818924195803662,1.053142400835923,12.905536895123053
4.8307758968489845,1.0494096694642798,13.004761918546041
4.842570349948761,1.0457221163632806,13.103995451998868
4.8543081762117275,1.0420787749570415,13.203237332230612
4.865989986146677,1.0384787090848002,13.302487400736762
4.877616379894759,1.0349210117133119,13.401745503568108
4.889187947456323,1.0314048037184624,13.50101149114966
4.900705268912223,1.027929232731629,13.600285218108981
4.912168914639791,1.024493472046562,13.699566543113292
4.923579445523466,1.0210967195829606,13.798855328714808
4.934937413160339,1.0177381969031332,13.898151441203785
4.946243360060551,1.0144171482784468,13.997454750468789
4.957497819842868,1.0111328398025041,14.096765129863753
4.968701317425239,1.007884558548185,14.196082456081422
4.979854369210914,1.0046716117659376,14.295406609032767
4.990957483269635,1.0014933261208454,14.394737471732078
5.002011159514561,0.9983490469661969,14.494074930187338
5.013015889874732,0.9952381376514193,14.593418873295619
5.023972158463185,0.9921599788624453,14.692769192743214
5.034880441741061,0.9891139679926001,14.792125782910203
5.045741208677459,0.9860995185423392,14.891488540779259
5.056554920905473,0.9831160595462163,14.990857365848413
5.067322032874319,0.9801630350255809,15.0902321600476
5.078042991997629,0.9772399034656085,15.18961282765877
5.088718238798282,0.9743461373153152,15.28899927523936
5.099348207049399,0.9714812225093901,15.388391411548989
5.109933323912152,0.9686446580106448,15.487789147479162
5.1204740100699455,0.9658359553720085,15.58719239598588
5.130970679859505,0.9630546383170687,15.686601072024958
5.141423741398626,0.9603002423381943,15.786015092489958
5.151833596710937,0.9575723143113487,15.885434376152574
5.162200641847484,0.9548704121267616,15.984858843605387
5.172525267005532,0.9521941043346487,16.08428841720682
5.182807856644304,0.9495429698052646,16.183723021028253
5.193048789598194,0.9469165974025515,16.283162580803136
5.203248439186972,0.9443145856707518,16.38260702387804
5.213407173323513,0.9417365425333605,16.48205627916556
5.223525354618933,0.939182085003815,16.58151027709894
5.233603340485301,0.9366508389073653,16.68096894958841
5.243641483235697,0.9341424386136292,16.7804322299791
5.253640130182078,0.9316565267793067,16.87990005301046
5.263599623730854,0.9291927541005968,16.979372354777194
5.273520301476055,0.9267507790748868,17.07884907269154
5.283402496290552,0.924330267771276,17.17833014544689
5.293246536414945,0.9219308936095388,17.277815512982695
5.3030527455444485,0.9195523371471767,17.377305116450597
5.312821442913838,0.9171942858741599,17.47679889818171
5.322552943380343,0.9148564340150726,17.57629680165504
5.332247557504689,0.9125384823383009,17.67579877146696
5.34190559163028,0.9102401379719661,17.775304753301725
5.351527347960527,0.907961114226337,17.874814693902955
5.361113124634485,0.9057011304224296,17.974328541046095
5.370663215800722,0.9034599117265371,18.07384624351175
5.380177911689602,0.9012371889904341,18.1733677510599
5.3896574986837695,0.8990326985970455,18.272893014404975
5.399102259387356,0.8968461823113208,18.372421985191682
5.408512472693251,0.8946773871361411,18.471954615971626
5.417888413849278,0.8925260651730064,18.571490860180724
5.427230354522628,0.8903919734873678,18.67103067211726
5.436538562862983,0.8882748739783651,18.770574006920665
5.445813303564187,0.8861745332528448,18.870120820550927
5.45505483792471,0.8840907225034296,18.96967106976866
5.464263423906633,0.8820232173905672,19.06922471211576
5.473439316193433,0.8799717979283078,19.168781705896684
5.4825827662465105,0.8779362483737347,19.268342010160268
5.491694022360504,0.8759163571198934,19.367905584682084
5.500773329717391,0.8739119165920632,19.467472389947353
5.509820930439505,0.8719227231472698,19.567042387134325
5.5188370636413016,0.8699485769769163,19.666615538098192
5.52782196548015,0.8679892820123961,19.766191805355426
5.536775869205955,0.8660446458336035,19.865771152068618
5.545699005209893,0.8641144795802161,19.965353542031696
5.55459160107185,0.8621985978656557,20.064938939655633
5.563453881607146,0.8602968186936426,20.164527309954515
5.572286068912175,0.8584089633772171,20.264118618532013
5.5810883824090896,0.8565348564601717,20.36371283156825
5.589861038889546,0.8546743256408067,20.46330991580702
5.598604252557624,0.8528272016978924,20.562909838543366