1.86038867420341,12.999151939649,0.20150079274918
1.86049248058107,12.8977683263767,0.201637909798076
1.86087746081024,12.796462960551,0.202146553913435
1.86151295778457,12.6952273688999,0.202986622792767
1.86237503983242,12.5940549763234,0.204127085985025
1.86344467344151,12.4929405894236,0.20554351491756
1.86470650012562,12.3918800512378,0.207216432658955
1.86614799041688,12.2908700027751,0.209130174929712
1.86775884229245,12.1899077137439,0.211272082230877
1.86953054300873,12.0889909595157,0.213631913208566
1.87145604343553,11.9881179299134,0.216201410274584
1.87352951154046,11.8872871603899,0.218973972346644
1.87574613761373,11.7864974777183,0.221944396743242
1.87810200805723,11.6857479657459,0.225108718534282
1.88059395320584,11.585037922434,0.228464005200274
1.88321948300678,11.4843668433,0.232008281002666
1.88597669662933,11.3837343965081,0.235740409255674
1.88886422936115,11.2831404090365,0.239660028754975
1.89188119785512,11.1825848521556,0.243767486416148
1.89502715956436,11.0820678310727,0.248063790184955
1.89830207945833,10.9815895766996,0.252550572244492
1.90170630057352,10.8811504385142,0.257230057472892
1.90524051988313,10.7807508789985,0.262105039602192
1.90890576894258,10.6803914695219,0.267178864498758
1.91270339699128,10.5800728869699,0.272455417118565
1.91663505755467,10.4797959114685,0.277939113936397
1.92070269707976,10.3795614247625,0.283634898680831
1.92490854515913,10.279370409125,0.289548240778923
1.92925510813006,10.1792239473853,0.295685139521525
1.93374516261232,10.0791232229988,0.302052128553048
1.93838175174096,9.97906952105608,0.308656285242575
1.9431681818847,9.8790642295394,0.315505241480706
1.94810802123158,9.77910884129016,0.322607198278129
1.95320509893136,9.67920495628062,0.329970942140921
1.95846350553083,9.57935428444679,0.337605864558296
1.96388759430942,9.47955864897454,0.345521984093995
1.96948198344642,9.37981999003557,0.353729971099901
1.97525155906178,9.28014036900867,0.362241175273009
1.98120147904694,9.18052197318078,0.371067656069115
1.98733717763928,9.0809671209361,0.38022221605971
1.9936643707267,8.98147826745445,0.389718437388517
2.00018906186182,8.88205801093876,0.399570721478388
2.00691754895379,8.78270909939046,0.409794332139945
2.01385643161718,8.68343443795709,0.420405442263697
2.02101261917454,8.5842370968846,0.431421184324852
2.02839332497199,8.48512031492506,0.44285967767219
2.03600614019922,8.3860875319279,0.454740210097132
2.04385893298174,8.28714235880725,0.467083090891852
2.05195994439223,8.18828861909523,0.479909881174818
2.06031777482233,8.08953035158563,0.493243420772336
2.06894139508064,7.99087182249985,0.507107906193552
2.07784015964677,7.89231752329482,0.521528977147185
2.08702342095494,7.79387638575907,0.536533154029086
2.09650083122175,7.69555818084714,0.552148385778021
2.10628233496335,7.5973735997804,0.56840410976011
2.11637815843635,7.49933434251074,0.585331310507969
2.12679879533197,7.40145321393222,0.602962576011161
2.13755498812872,7.30374422823403,0.621332150311367
2.14865770437739,7.2062227216845,0.640475980771571
2.16011810704361,7.10890547397591,0.660431757926388
2.17194751811347,7.01181083817454,0.68123894580243
2.18415737437947,6.91495887897894,0.702938799756568
2.19675917449267,6.81837151882388,0.725574368956803
2.20976441602768,6.72207269081542,0.749190479560723
2.22318452158478,6.62608849718906,0.773833694840255
2.23703075268836,6.53044737122332,0.799552247452745
2.2513141104396,6.4351802399169,0.826395938942877
2.26604522195012,6.34032068386378,0.854416001092787
2.28123421178156,6.24590508978792,0.883664913498348
2.2968905579102,6.15197279010113,0.914196171669842
2.31302293213225,6.05856618263849,0.946064000092106
2.32963902541019,5.96573082250555,0.97932300525349
2.34674535941133,5.8735154767996,1.01402776469675
2.36434708621313,5.78197213171077,1.05023234924919
2.38244777941718,5.69115594091405,1.0879897782192
2.40104922077964,5.60112510340547,1.12735140935216
2.42015118801431,5.51194065944859,1.16836626944016
2.43975125042108,5.42366619395998,1.21108033482667
2.45984458027376,5.33636743873848,1.25553577575729
2.48042378876863,5.25011176790753,1.30177018298156
2.50147879593929,5.16496758523638,1.34981579959645
2.52299674383503,5.08100360710445,1.39969878461842
2.54496196178485,4.99828805134615,1.45143853793245
2.56735599097527,4.91688774855845,1.50504711685751
2.59015767358592,4.83686719941647,1.56052877411674
2.61334330912337,4.75828760816265,1.61787964452221
2.63688687413324,4.68120591950669,1.67708759354726
2.66076030744517,4.60567391153151,1.73813226009366
2.68493384330675,4.53173735837281,1.80098527153262
2.7093763878716,4.45943531209629,1.86561064426711
2.73405592237,4.38879952441878,1.93196534634347
2.758939918498098,4.319854029891234,2.0
2.7839957661824224,4.252614845007577,2.0696597371046583
2.8091911190060106,4.187090040737928,2.140884949734945
2.834494299938183,4.123279685061267,2.2136123281142157
2.859874609109362,4.061176117231304,2.287775745212425
2.885302594843705,4.000764292920731,2.3633071418550418
2.910750273155674,3.9420222258063085,2.4401373573362117
2.9361912901969887,3.8849214762171744,2.518196870751461
2.9616010337348895,3.829427675656641,2.597416453396663
2.986956692787153,3.7755010376646365,2.677727709671357
3.0122372711926526,3.7230968294195015,2.759063505745514
3.0374235597685257,3.6721657713613705,2.841358282954635
3.0624980720051935,3.6226543328331564,2.924548255585659
3.087444947740759,3.5745048895865184,3.0085714929434486
3.1122498281992725,3.527655703860873,3.0933678838299254
3.13689970415167,3.4820406781766993,3.1788789774581763