1.73165997533596,10.0666610601695,0.0490735184858625
1.73218135396082,10.0166610601695,0.0497672704980913
1.73270597555287,9.96666106016946,0.0504657014285447
1.73323415552132,9.91666106016946,0.051169238412695
1.73376620867539,9.86666106016946,0.0518783086683288
1.73430245318906,9.81666106016946,0.0525933450558122
1.73484319981507,9.76666106016946,0.0533147709477441
1.7353887736755,9.71666106016946,0.0540430308134947
1.7359394865311,9.66666106016946,0.0547785512914763
1.73649564471804,9.61666106016946,0.055521752247739
1.73705761572098,9.56666106016946,0.0562731407365072
1.73762567759717,9.51666106016946,0.0570330986301413
1.73820016696774,9.46666106016946,0.0578020913456104
1.73878142073591,9.41666106016946,0.0585805856969745
1.73936976498434,9.36666106016945,0.0593690341918211
1.73996553754622,9.31666106016945,0.0601679069445346
1.74056907775389,9.26666106016945,0.0609776772101881
1.74118072250126,9.21666106016945,0.0617988157898343
1.74180082653313,9.16666106016945,0.062631819879076
1.74242973964061,9.11666106016945,0.0634771807075524
1.74306781733868,9.06666106016945,0.0643353987170582
1.74371542625128,9.01666106016945,0.0652069913001134
1.74437293684546,8.96666106016945,0.0660924824778354
1.74504072073587,8.91666106016945,0.0669923990782163
1.74571916385551,8.86666106016945,0.067907289597189
1.74640865801967,8.81666106016945,0.0688377122137587
1.74710959604454,8.76666106016945,0.0697842278010751
1.74782238834792,8.71666106016945,0.0707474238269332
1.74854745187862,8.66666106016944,0.0717278985280697
1.74928520829588,8.61666106016946,0.0727262583428565
1.75003609498543,8.56666106016946,0.073743133843694
1.75080055452968,8.51666106016948,0.0747791646424621
1.75157904588352,8.46666106016948,0.0758350156148258
1.75237203288705,8.4166610601695,0.0769113603619241
1.75318000075449,8.36666106016952,0.0780089052266476
1.75400343866915,8.31666106016954,0.0791283641347068
1.75484285301903,8.26666106016956,0.0802704779182596
1.75569876585052,8.21666106016958,0.0814360122265927
1.75657171094555,8.1666610601696,0.0826257519164679
1.75746223878051,8.11666106016962,0.0838405084312021
1.75837091730345,8.06666106016971,0.0850811211148308
1.75929833004382,8.01666106016983,0.0863484545826964
1.76024507813861,7.96666106016997,0.0876434018807309
1.76121178171524,7.91666106017014,0.0889668866911919
1.76219908282422,7.86666106017037,0.0903198678886609
1.76320763708571,7.8166610601707,0.0917033273925678
1.76423813115492,7.76666106017114,0.0931182962212315
1.76529126514417,7.71666106017176,0.0945658287613565
1.76636776774579,7.66666106017261,0.0960470253897568
1.76746838905126,7.6166610601737,0.0975630221538888
1.76859390736302,7.5666610601752,0.099115001192214
1.769745125364,7.51666106017721,0.100704185369412
1.77092287378627,7.4666610601799,0.102331844106783
1.77212801222565,7.41666106018343,0.10399929497137
1.77336143184403,7.36666106018817,0.105707908173209
1.77462405336795,7.31666106019453,0.107459103969919
1.7759168320088,7.26666106020297,0.109254360577655
1.77724075703786,7.2166610602142,0.111095214033926
1.77859677166459,7.16666405500182,0.112983147380741
1.77998609987811,7.11666405502158,0.114920046450442
1.78140976396501,7.0666640550476,0.116907529382587
1.78286890647102,7.01666405508199,0.11894739530055
1.7843647121389,6.96666405512729,0.121041516728868
1.78589841145283,6.91666405518683,0.123191845809985
1.78747128087269,6.86666405526499,0.125400415572107
1.78908464465202,6.81666405536737,0.127669343612431
1.79073987789945,6.76666405550136,0.130000837810966
1.79243841010105,6.7166640556765,0.132397202917825
1.79418172257174,6.66666405590487,0.134860837698815
1.79597135910004,6.61666405620234,0.137394252816945
1.79780891805907,6.56666405658918,0.140000059855231
1.7996960650761,6.51666405709129,0.142680992621929
1.80163452654635,6.46666405774198,0.145439898561682
1.80362610181037,6.41666405858382,0.14827975962509
1.80567265730532,6.36666405967141,0.151203684927733
1.80777613575776,6.31666406107404,0.154214927338736
1.80993855669106,6.26666406288022,0.157316886406744
1.81216201981018,6.21666406520214,0.160513116202733
1.81444870814588,6.16666406818237,0.163807332849131
1.81680089366012,6.11666407200132,0.167203426324601
1.81922093838959,6.06666407688717,0.17070546531273
1.82171130028629,6.01666408312798,0.17431770992834
1.82427453345819,5.96666409108668,0.17804461562548
1.82691329933395,5.91666410122002,0.181890855206764
1.82963036275384,5.86666411410153,0.185861316722252
1.83242860105511,5.81666413045014,0.189961122776295
1.83531100822209,5.76666415116635,0.194195642329484
1.83828069876041,5.71666417737508,0.198570502536489
1.84134091277429,5.66666421047995,0.203091602925454
1.8444950205334,5.61666425222907,0.207765129329646
1.84774652634842,5.56666430479666,0.212597567292697
1.85109945267571,5.51666437088854,0.217596284721852
1.85455727279671,5.46666445384539,0.222767950729304
1.85812384739957,5.41666455780528,0.228119936624765
1.8618032812696,5.36666468788167,0.233660116076605
1.86559984184805,5.31666485038225,0.239396755338155
1.8695179691496,5.26666505307461,0.245338541761323
1.87356227664655,5.21666530550822,0.251494597560002
1.87773756289635,5.16666561940639,0.257874513475544
1.88204881450463,5.11666600913625,0.264488368460485
1.88650121641625,5.06666649227914,0.271346763493024
1.89109928806295,5.016667090188,0.27845925908773
1.89585030769444,4.96666782931966,0.285840643245086
1.90075928210301,4.91666874147015,0.293501785944069
1.90583225895799,4.86666986546372,0.301455686918519
1.91107552233531,4.81667124845148,0.309716038098422
1.91649560162397,4.76667294761501,0.318297265788245
1.92209928080116,4.71667503219957,0.32721457585717
1.92789360812695,4.66667758594323,0.336484002242214
1.93388590628586,4.61668070996895,0.346122459037789
1.94008378300293,4.56668452622955,0.356147796467939
1.94649514215557,4.51668918160524,0.366578861046797
1.95312819542057,4.46669485276642,0.377435560294956
1.95999147447249,4.41670175195369,0.388738932365003
1.96709384375213,4.36671013382296,0.400511220962199
1.97444451379116,4.31672030356153,0.412775955911988
1.98205305512796,4.26673262648998,0.42555803987609
1.98992941275855,4.21674753942781,0.438883841562533
1.99808392108253,4.16676556412229,0.452781295852442
2.0065273192779,4.11678732311296,0.46728001126923
2.01527076698844,4.06681355846208,0.482411385156264
2.02432586014632,4.01684515385483,0.498208726847378
2.03370464673502,3.96688316065326,0.514707389149579
2.04341964214653,3.91692882860755,0.531944908144923
2.05348384377956,3.86698364202016,0.549961151426276
2.0639107443151,3.81704936231649,0.568798474355895
2.07471434302343,3.76712807811743,0.58850188391304
2.08590915421604,3.71722226408688,0.609119209037262
2.09751021176966,3.66733485004049,0.630701276042914
2.10953306833592,3.61746930200971,0.653302086859801
2.12199378752257,3.56762971721451,0.676978996976435
2.13490892691117,3.51782093515485,0.70179288878728
2.1482955092755,3.46804866732186,0.727808334594449
2.1621709787851,3.41831964828069,0.755093741600177
2.17655313826826,3.36864181115389,0.783721468927978
2.19146006282187,3.31902449070944,0.813767903784745
2.20690998413255,3.26947865737042,0.845313480450543
2.22292113891676,3.22001718534254,0.878442621523324
2.23951157381469,3.17065515772979,0.91324357598683
2.2566988980646,3.1214102107557,0.949808123066869
2.27449997441932,3.07230291783171,0.988231104815494
2.29293053821939,3.02335721214272,1.02860974408948
2.31200473449343,2.97460084324568,1.07104269861356
2.33173456396026,2.92606585869714,1.11562879759773
2.35212923121523,2.87778909570824,1.1624654055141
2.37319435273103,2.82981265541672,1.21164624320367
2.39493126197463,2.78218435466735,1.26325931027673
2.41733585920096,2.73495804528581,1.31738322219317
2.44039777118583,2.68819383394673,1.37408413588082
2.46409932633943,2.64195807310975,1.43341174902924
2.48841462004452,2.5963230772419,1.49539511658764
2.51330871912905,2.55136648915251,1.56003839115934
2.53873710428935,2.50717023635063,1.627316776769
2.56464545646026,2.46381904187652,1.69717305889693
2.59096988657716,2.42139849368026,1.76951511848471
2.61763768370419,2.3799927291897,1.84421483310944
2.64456861274762,2.33968185092647,1.92110869784293
2.6716766308085194,2.3005391977716108,2.0
2.6994148988118076,2.26188640742268,2.082288938493241
2.7271868778778954,2.2245204518996666,2.166276526363609
2.7548948875596637,2.1884925073806194,2.251679651698398
2.7824442048354063,2.153838754808664,2.3382020323344284
2.809745883208645,2.1205794602058106,2.425544042641245
2.8367189897855867,2.088718847621836,2.5134117716823163
2.8632921976710377,2.0582457598567427,2.601524894985038
2.88940465974482,2.0291349571572064,2.689622804601432
2.9150061722088547,2.0013488437817455,2.7774686929419747
2.9400566976169973,1.9748393867688514,2.8648515209372007
2.964525348103604,1.949549992614278,2.9515859734700194