1.18610654190186,0.896189410479198,6.6784030870584,0.231808365910846,0.0948139256228882
1.19912055483738,0.886470650257531,6.57676523247616,0.244480092161161,0.100524929545252
1.21259795447016,0.876615826522525,6.47557252852809,0.257925722388419,0.106268735511435
1.22654843069107,0.866633191669344,6.37484248691983,0.272186382192272,0.112032400297327
1.24098169725272,0.85653123468089,6.27459316190014,0.287304692870237,0.117801953908754
1.25590743215241,0.846318689575661,6.17484308707372,0.303324663853735,0.123562265749601
1.27133521360699,0.836004540077672,6.07561120914366,0.320291574174725,0.129296978571688
1.28727444129005,0.825598027709416,5.97691679910804,0.338251809008194,0.134988426964508
1.30373424286785,0.815108661833493,5.87877934125073,0.357252650313011,0.140617558945327
1.32072336395512,0.804546231595368,5.7812183968191,0.377342014759792,0.146163863477947
1.33825003938351,0.793920819744146,5.68425343904043,0.398568131628901,0.151605307494323
1.35632184338126,0.783242818347205,5.58790365587853,0.420979152878025,0.156918286793551
1.37494551597123,0.772522946450052,5.49218771675772,0.44462268726462,0.162077596218256
1.39412676255621,0.761772269781749,5.39712349935919,0.469545250252232,0.167056425670452
1.41387001556848,0.751002226234197,5.30272776150492,0.49579160092073,0.17182637469825
1.43417820508958,0.740224633826035,5.20901582683145,0.523404093034323,0.17635759524459
1.45505239561399,0.729451745907704,5.11600108226332,0.552421664372109,0.180618796805499
1.47649148888919,0.718696258487842,5.02369457694961,0.582879002555844,0.184577540403437
1.49849181764944,0.707971350002624,4.93210447651616,0.614805431386159,0.188200485062189
1.52104670233383,0.69729071748919,4.84123548197205,0.648223721725093,0.191453765330769
1.5530753852049852,0.6826453439767457,4.7169758751806565,0.6968350711482008,0.19527484705077613
1.57473389709034,0.673848906494056,1.77210040880235,0.766297250015011,0.24976870861693
1.59562024387334,0.665534389359843,1.74195706974108,0.83988966535927,0.306100382466015
1.61521722404621,0.657858818540927,1.714372199293,0.91512519375965,0.362119619841939
1.63360233948782,0.650754500819089,1.68903174659027,0.991770149663483,0.417768857140023
1.65085615754864,0.644160180495409,1.66566576076302,1.06963142775985,0.473013682473964
1.66705841197868,0.638021227009823,1.64404254653146,1.14854911870637,0.527835683124479
1.68228574029864,0.632289334166628,1.6239631768711,1.22839033985699,0.58222737240355
1.69661047312441,0.626921990520322,1.60525658469567,1.30904418555066,0.636188616734483
1.71010008490433,0.621881868044053,1.5877752986972,1.39041764126813,0.689724132158198
1.72281705005448,0.617136208669751,1.57139180437929,1.47243229675195,0.742841737854359
1.73481893921586,0.612656248693009,1.55599547193159,1.55502170712364,0.795551143485597
1.74615865036948,0.608416698460963,1.54148997858351,1.63812927312928,0.847863112279765
1.75688470871058,0.604395282325073,1.52779115245042,1.72170653463262,0.899788888368773
1.7670415944979,0.600572337332823,1.51482517063762,1.80571179224688,0.951339809889707
1.77667007430832,0.596930466033515,1.50252705260007,1.89010898952508,1.00252705260007
1.7812979175454133,0.5951725594639982,1.4966103002455755,1.9324441696255295,1.0279874342320185
1.7858074317143209,0.5934542717298079,1.490839513559519,1.9748659446574026,1.053360953057781
1.790202807245326,0.5917739393256972,1.4852085292252208,2.017371013963808,1.0786488955594633
1.7944880590779906,0.5901299915820326,1.4797115346468166,2.0599562871865196,1.1038525179431098
1.7986670348903289,0.5885209445248688,1.474343043557336,2.1026188677890083,1.1289730450998003
1.8027434229180341,0.5869453952109482,1.4690978735940703,2.145356038035732,1.1540116700136371
1.806720759411913,0.585402016476795,1.463971125659581,2.188165245305869,1.1789695534908085
1.810602435741315,0.5838895520699663,1.4589581649104395,2.2310440896087713,1.2038478241516088
1.8143917051536933,0.5824068121328159,1.4540546032305437,2.273990312182665,1.2286475786368045
1.8180916892017718,0.5809526690114805,1.4492562830595692,2.3170017850711386,1.2533698819871948
1.821705383851142,0.5795260533646978,1.444559262458976,2.360076501583235,1.2780157681616966
1.8252356652814739,0.5781259505492411,1.4399598013092352,2.403212567552891,1.3025862406650268
1.8286852953948416,0.5767513972605154,1.435454348541828,2.4464081933224184,1.3270822732605863
1.8320569270450022,0.5754014784085365,1.4310395303183718,2.489661686382629,1.3515048107479049
1.835353109000933,0.5740753242112131,1.4267121390775777,2.532971444608974,1.3758547697878223
1.8385762906580767,0.5727721074882101,1.4224691233777986,2.576335950039511,1.400133039760861
1.8417288265101608,0.5714910411400721,1.418307578469638,2.6197537631457983,1.4243404836470368
1.8448129803940494,0.5702313757985664,1.4142247375390447,2.6632235175528334,1.4484779389171998
1.8478309295197528,0.5689923976352684,1.4102179635666126,2.7067439151684733,1.4725462184277034
1.8507847682970078,0.5677734263165386,1.406284741753705,2.7503137216865485,1.496546111311909
1.8536765119694694,0.5665738130939592,1.4024226724704492,2.7939317624316127,1.5204783838627702
1.8565081000670705,0.5653929390201717,1.3986294646844486,2.837596918516036,1.5443437804023328
1.8592813996863284,0.5642302132809391,1.3949029298328712,2.8813081232831674,1.5681430241345102
1.8619982086081943,0.5630850716348813,1.3912409761036428,2.925064359012689,1.5918768179782814
1.864660258262199,0.5619569749531178,1.387641603094481,2.968864653866382,1.615545845379407
1.867269216545483,0.5608454078516234,1.3841028968212035,3.01270807905484,1.6391507710986348
1.869826690504586,0.5597498774096267,1.3806230250490505,3.056593746207039,1.6626922419755987
1.8723342288875333,0.558669911968021,1.3772002329231159,3.1005208049266493,1.686170887667331
1.8747933245732042,0.55760506000213,1.3738328388758627,3.1444884405202003,1.709587321361032
1.8772054168848555,0.5565548890636037,1.3705192307914777,3.188495871883596,1.7329421404608105
1.8795718937938632,0.5555189847867346,1.367257862408648,3.2325423495347128,1.7562359272483086
1.8818940940197144,0.554496949954696,1.364047249944598,3.2766271537807126,1.7794692495175075
1.884173309031779,0.5534884036216784,1.3608859689248307,3.320749593009871,1.8026426611838782
1.886410784958146,0.5524929802870946,1.3577726512040498,3.3649090020984653,1.8257567028683022
1.8886077244063342,0.5515103291184182,1.3547059821650898,3.4091047409240396,1.8488119024564111
1.8907652882006887,0.55054011321936,1.3516846980834918,3.453336192977249,1.8718087756336614
1.8928845970406518,0.5495820089404497,1.3487075836465228,3.497602764064834,1.8947478263971687
1.8949667330842006,0.5486357052291942,1.3457734696161432,3.5419038810972716,1.9176295475445457
1.8970127414601368,0.5477009030172896,1.3428812306263516,3.5862389909548074,1.940454421140792
1.8990236317130107,0.546777314642469,1.340029783105926,3.6306075594262386,1.9632229189639345
1.9010003791840824,0.5458646633027726,1.3372180833183827,3.6750090702153946,1.985935502929905
1.9029439263314996,0.5449626825412126,1.334445125511492,3.7194430240103173,2.0085926254978204
1.904855183992849,0.5440711157588702,1.3317099401692578,3.763908937610906,2.0311947300560655
1.9067350325928234,0.5431897157547141,1.329011592359895,3.8084063431108803,2.0537422512901014
1.9085843232988116,0.5423182442904247,1.3263491801736067,3.852934787130219,2.076235615532871
1.910403879127013,0.5414564716787138,1.3237218332445975,3.8974938300948185,2.0986752410981255
1.9121944960013286,0.5406041763937081,1.3211287113520538,3.9420830455599027,2.121061538597881
1.9139569437674524,0.5397611447020669,1.3185690030952273,3.986702019574365,2.1433949112444095
1.9156919671643182,0.5389271703135456,1.3160419246380486,4.03135035008329,2.1656757551374337
1.9190826033296495,0.5372856018225303,1.3110826473716406,4.120733622589851,2.2100814537284954
1.9223718907883258,0.5356779591687106,1.3062451221119906,4.210229765163074,2.2542816214686274
1.9255649737667573,0.5341028283203282,1.3015239566387762,4.299835936794517,2.2982791975582035
1.928666675152992,0.5325588864797055,1.2969140995174953,4.389549440324058,2.342077030489511
1.9316815192166252,0.5310448945312922,1.292410812843727,4.479367710216713,2.385677884354436
1.9346137525451916,0.5295596902195558,1.2880096475777147,4.569288301674061,2.429084444541345
1.9374673633522947,0.5281021819777127,1.2837064211869618,4.659308880916584,2.4722993228817125
1.9402460992983184,0.5266713433374877,1.2794971973487015,4.749427216495177,2.515325062300965
1.9429534839507137,0.5252662078584721,1.2753782674942804,4.839641171508869,2.5581641410225564
1.945592831998943,0.5238858645226945,1.2713461340032028,4.929948696621283,2.600818976370583
1.9481672633278972,0.5225294535464449,1.2673974948774538,5.020347823782387,2.643291928211403
1.9506797160442273,0.521196162566764,1.2635292297459904,5.11083666057353,2.6855853020716625
1.9531329585413664,0.5198852231648209,1.2597383870666414,5.201413385104572,2.7277013519652664
1.955529600680902,0.518595907692646,1.2560221724074345,5.292076241400064,2.7696422829602243
1.9578721041612908,0.5173275263733519,1.2523779377025743,5.382823535219683,2.811410253512007
1.9601627921387037,0.5160794246481633,1.2488031713895555,5.473653630264624,2.8530073775878027
1.9624038581586694,0.5148509807465628,1.2452954893442445,5.564564944727441,2.894435726603722
1.964597374452607,0.5136416034582512,1.2418526265393688,5.655555948147898,2.935697331194678
1.9667452996483608,0.5124507300879632,1.2384724293598797,5.746625158542024,2.976794182834317
1.9688494859399024,0.5112778245760544,1.2351528485154044,5.837771139775176,3.0177282353210417
1.9709116857574704,0.5101223757696174,1.2318919324962267,5.928992499153507,3.058501406144132
1.9729335579759195,0.5089838958303864,1.2286878215246364,6.020287885211083,3.099115577742723
1.974916673696148,0.5078619187670791,1.2255387419582362,6.111655985672636,3.1395725986687997
1.976862521631419,0.5067559990810762,1.2224430011061713,6.203095525574063,3.1798742846644927
1.9787725131279892,0.5056657105154034,1.219398982422957,6.294605265525039,3.220022419662323
1.9806479868468567,0.5045906448980032,1.2164051410480785,6.386184000099496,3.260018756717014
1.9824902131316282,0.5035304110711156,1.213459999662491,6.477830556341772,3.2998650188754
1.9843003980852798,0.5024846338993855,1.2105621446358898,6.569543792377224,3.339562899991154
1.9860796873768762,0.5014529533500278,1.2077102224410698,6.66132259611746,3.3791140654899374
1.9878291697975417,0.5004350236390308,1.2049029363139065,6.75316588405131,3.418520153090267
1.9895498805839957,0.4994305124378088,1.2021390431392578,6.845072600114007,3.4577827734838165
1.9912428045257078,0.49843910013545994,1.1994173505451744,6.937041714627186,3.4969035109801174
1.9929088788712157,0.4974604791520196,1.1967367141890775,7.029072223303637,3.535883924118644
1.9945489960477476,0.4964943532985967,1.1940960352211607,7.12116314631123,3.574725546251481
1.9961640062070667,0.4955404371806923,1.191494257911514,7.213313527390944,3.6134298860993628
1.9977547196096785,0.49459845564125743,1.1889303674286538,7.305522433024414,3.6519984282838243
1.9993219088585814,0.4936681432403958,1.1864033877581497,7.397788951647107,3.690432633837267
2.000866310992826,0.4927492437688673,1.183912379751045,7.490112192903294,3.728733940693291
2.002388629450575,0.49184150979281027,1.181456439292588,7.582491286939733,3.766903764158644
2.003889535910481,0.49094470222729325,1.1790346955825823,7.674925383734971,3.8049434973685643
2.005369672019564,0.4900585899365672,1.1766463095194284,7.76741365246164,3.842854511726804
2.006829651015253,0.48918294935900813,1.1742904721804859,7.859955280879263,3.880638157331712
2.008270059248758,0.4883175641549338,1.1719664033920332,7.9525494747555685,3.9182957633889752
2.0096914576161926,0.4874622248756374,1.169673350382623,8.045195457314112,3.9558286386124926
2.0110943829036136,0.48661672865212036,1.1674105865141475,8.137892468706498,3.993238071614041
2.0124793490517114,0.48578087890208416,1.165177410085272,8.230639765507632,4.030525331282266
2.0138468483452954,0.4849544850539362,1.1629731432024732,8.323436620232417,4.067691667151886
2.015197352532512,0.48413736228659443,1.1607971307141118,8.416282320872464,4.104738309763959
2.016531313878432,0.48332933128399835,1.1586487392034266,8.50917617045187,4.1416664710168645
2.017849166157089,0.48253021800333523,1.156527356036608,8.602117486600546,4.178477344509562
2.0191513255860465,0.48173985345604314,1.1544323884623913,8.69510560114433,4.215172105876731
2.0204381917070235,0.4809580735007464,1.1523632627599005,8.788139859710766,4.251751913116616
2.021710148216232,0.4801847186472937,1.1503194234316236,8.881219621349839,4.288217906911484
2.022967563747208,0.47941963387125475,1.1483003324388144,8.974344258168607,4.324571210941657
2.0242107926095674,0.47866266843808747,1.1463054684765448,9.067513154979247,4.360812932192597
2.025440175486111,0.4779136757364473,1.1443343262860792,9.160725708959633,4.396944161255937
2.0266560400909968,0.47717251312001174,1.1423864160022508,9.253981329325894,4.432965972624282
2.0278587017913425,0.47643904175729423,1.1404612625337383,9.347279437016313,4.468879424980232
2.0290484641945286,0.47571312648895986,1.1385584049742883,9.440619464386081,4.504685561479568
2.030225619703325,0.4749946356921565,1.1366773960430137,9.534000854912303,4.540385410028985
2.0313904500407087,0.4742834411514725,1.1348178015521233,9.62742306290886,4.5759799835583825
2.032543226746287,0.473579417936089,1.1329791999004393,9.72088555325064,4.611470280287877
2.0336842116459426,0.4728824442827803,1.1311611815912501,9.814387801106664,4.6468572839898865
2.0348136572964775,0.47219240148439084,1.1293633487730712,9.907929291681876,4.682141964245895
2.035931807406474,0.47150917378351126,1.1275853148020798,10.001509519967064,4.717325276698586
2.0370388972350297,0.4708326482710126,1.125826703824948,10.095127990496621,4.752408163299147
2.038135153969566,0.47016271478917254,1.1240871503809684,10.188784217113911,4.787391552549744
2.039220797083836,0.46949926583916884,1.122366299022439,10.28247772274373,4.82227635974173
2.040296038677506,0.4688421964926357,1.1206638039522463,10.376208039171859,4.857063487188943
2.0413610837981486,0.46819140430711015,1.1189793286777816,10.469974706831147,4.891753824456969
2.0424161307468545,0.4675467892451258,1.1173125456802664,10.563777274594088,4.926348248587815
2.043461371368191,0.46690825359678184,1.1156631360987164,10.657615299571448,4.960847624320659
2.044496991325602,0.4662757019055729,1.1140307894277282,10.751488346916938,4.995252804308138
2.0455231703629964,0.4656490408973218,1.1124152032283785,10.845395989637586,5.029564629328542
2.046540082553218,0.4650281794120634,1.1108160828515858,10.939337808409528,5.063783928494251
2.0475478965342475,0.46441302833870146,1.1092331411732557,11.033313391399156,5.097911519456066
2.0485467757337625,0.46380350055232633,1.1076660983406454,11.127322334089378,5.131948208603706
2.0495368785827384,0.46319951085402516,1.1061146815293403,11.221364239110821,5.165894791262435
2.0505183587186133,0.4626009759130911,1.104578624710359,11.315438716077772,5.199752051886071
2.051491365178742,0.46200781421148207,1.1030576684268316,11.409545381428764,5.233520764246147
2.052456042584406,0.46141994599045816,1.1015515595798504,11.50368385827152,5.2672016916177675
2.053412531316253,0.46083729319923605,1.1000600512229473,11.59785377623229,5.300795586961585
2.0543609676812467,0.46025977944562885,1.098582902364895,11.692054771309262,5.3343031931025315
2.055301484071888,0.459687329948511,1.0971198777803184,11.78628648573004,5.3677252429050055
2.0562342091179,0.4591198714920818,1.0956707478278467,11.88054856781293,5.401062459444864
2.057159267830956,0.4585573323817926,1.0942352882753634,11.974840671832078,5.434315556177887
2.05807678174267,0.4579996424018975,1.092813280132078,12.06916245788616,5.4674852371052
2.0589868690362514,0.45744673277453773,1.09140450948709,12.163513591770606,5.500572196935505
2.0598896446722312,0.4568985361202804,1.09000876735411,12.257893744853266,5.533577121244054
2.060785220508428,0.45635498642007843,1.088625849522128,12.352302593953356,5.566500686628664
2.0616737054145604,0.45581601897854285,1.0872555564116657,12.446739821223531,5.599343560862846
2.062555205381737,0.4552815703885182,1.085897692936456,12.541205114035185,5.632106403045688
2.0634298236270783,0.4547515784968595,1.0845520683702259,12.635698164866639,5.664789863749094
2.064297660693713,0.4542259823713988,1.0832184962184164,12.730218671194255,5.6973945851622
2.065158814546452,0.4537047222690134,1.081896794094578,12.824766335386439,5.729921201232709
2.0660133806632417,0.45318773960477887,1.0805867836012635,12.919340864600281,5.762370337805872
2.0668614521226853,0.4526749769221489,1.079288290215219,13.013941970680913,5.794742612760533
2.067703119687798,0.45216637786411423,1.0780011431766776,13.1085693700634,5.827038636142636
2.0685384718862356,0.4516618871453073,1.0767251753825788,13.203222783677143,5.859259010296166
