0.8297183157819461,1.2720434005361114,0.05
0.8706828551529759,1.2133860334895317,0.1
0.9099276494681332,1.1620686925428918,0.15000000000000002
0.9476187484243785,1.1167060047173307,0.2
0.9838969155281917,1.0762506055235115,0.25
1.0188830740130046,1.0398943831960474,0.3
1.0526821954278731,1.0070026613863134,0.35000000000000003
1.0853862102073693,0.9770692574167049,0.4
1.1170762207587734,0.9496849651901422,0.45
1.1478242319633811,0.9245149889430087,0.5
1.1776945234628917,0.9012824681984042,0.55
1.206744758788509,0.879756245556845,0.6000000000000001
1.2350268919757057,0.8597416438905606,0.65
1.2625879172174286,0.841073416407918,0.7000000000000001
1.2894704953958855,0.8236102898437189,0.7500000000000001
1.315713481456645,0.8072306926279297,0.8
1.3413523721935625,0.7918293756426736,0.8500000000000001
1.3664196882121875,0.7773147137513088,0.9
1.3909453026782093,0.7636065315605564,0.9500000000000001
1.414956724831454,0.7506343376840423,1.0
1.4384793462603234,0.7383358797807625,1.05
1.4615366555818596,0.726655953540707,1.1
1.4841504257186424,0.7155454156170507,1.1500000000000001
1.5063408796374533,0.7049603588805691,1.2000000000000002
1.5281268354923918,0.6948614209713123,1.25
1.549525835352671,0.6852132006804712,1.3
1.570554259419437,0.6759837630407007,1.35
1.5912274276529101,0.6671442176918224,1.4000000000000001
1.6115596904707075,0.6586683580226038,1.4500000000000002
1.6315645098954146,0.6505323510469185,1.5
1.6512545323324983,0.6427144698189905,1.55
1.6706416540810962,0.6351948615937083,1.6
1.6897370801649734,0.6279553464819485,1.6500000000000001
1.70855137773279,0.6209792416059536,1.7000000000000002
1.727094524210299,0.6142512073614648,1.75
1.7453759510111553,0.6077571124324865,1.8
1.7634045832493994,0.6014839149515552,1.85
1.7811888758858416,0.5954195575781566,1.9000000000000001
