3.1584383308572077,3.45
3.171878566492599,3.5
3.185216686589076,3.5500000000000003
3.198454629852281,3.6
3.211594276127037,3.6500000000000004
3.2246374488360017,3.7
3.2375859172913235,3.75
3.2504413988866245,3.8000000000000003
3.263205561177119,3.85
3.275880023854571,3.9000000000000004
3.288466360623433,3.95
3.3009661009843962,4.0
3.3133807319304536,4.05
3.325711699561003,4.1000000000000005
3.3379604106184533,4.15
3.3501282339520237,4.2
3.3622165019128265,4.25
3.374226511684048,4.3
3.3861595265499433,4.3500000000000005
3.398016777106994,4.4
3.409799462420422,4.45
3.421508751129049,4.5
3.433145782501131,4.55
3.4447116674440883,4.6000000000000005
3.456207489470235,4.65
3.467634305620956,4.7
3.4789931473515905,4.75
3.49028502137883,4.800000000000001
3.5015109104926636,4.8500000000000005
3.512671774334683,4.9
3.5237685501443137,4.95
3.5348021534747023,5.0
3.5457734788795916,5.050000000000001
3.556683400572773,5.1000000000000005
3.567532773061332,5.15
3.5783224317538638,5.2
3.5890531935450705,5.25
3.5997258573777002,5.300000000000001
3.610341204782833,5.3500000000000005
3.6209000003996623,5.4
3.6314029924756324,5.45
3.641850913347832,5.5
3.6522444799065172,5.550000000000001
3.662584394041506,5.6000000000000005
3.672871343072267,5.65
3.6831060001624314,5.7
3.6932890247193013,5.75
3.703421062779221,5.800000000000001
3.713502747379078,5.8500000000000005
3.723534698914972,5.9
3.733517525488155,5.95
