n/a
n/a
-0.021318458033664025,4.186680788335193,0.44999999999999996
-0.020754554671381868,5.332219109564421,0.7500000000000001
-0.02044464907074433,4.4300575724837294,0.8500000000000002
-0.00023008902638912436,5.257310991389755,1.0000000000000002
-0.00584408542888216,4.743260918244081,1.1000000000000003
-0.005706690462837507,5.285589043939644,1.1500000000000004
-0.013618890004832317,5.057839064321797,1.3000000000000005
-0.0014216362728892218,4.595288207419991,1.3000000000000005
-0.003348251604835507,5.096009332092257,1.3500000000000005
-0.005809474461923271,4.913253015048935,1.4500000000000006
-0.0008144542802543692,5.050076706246563,1.3500000000000005
0
0
