-7.710414669184007e-06
-8.386448053108869e-06
-9.119401024355727e-06
-9.913836553018155e-06
-1.0774661887817713e-05
-1.1707152597138984e-05
-1.2716978122187268e-05
-1.381022892362045e-05
-1.499344530628537e-05
-1.627364801001106e-05
-1.7658370657770975e-05
-1.9155694155914483e-05
-2.0774283144572216e-05
-2.2523424599756773e-05
-2.441306869209167e-05
-2.645387201049732e-05
-2.865724326253264e-05
-3.103539156641461e-05
-3.360137745300576e-05
-3.6369166699247264e-05
-3.935368711761192e-05
-4.2570888429135477e-05
-4.6037805350422946e-05
-4.9772624027728786e-05
-5.379475195370013e-05
-5.8124891504693616e-05
-6.278511723862224e-05
-6.779895709511528e-05
-7.319147764127146e-05
-7.898937350749362e-05
-8.522106115870952e-05
-9.191677714675678e-05
-9.91086809896964e-05
-0.00010683096282341018
-0.00011511995596986068
-0.0001240142545649312
-0.00013355483638665666
-0.0001437851910219953
-0.00015475145350686372
-0.00016650254357011919
-0.00017909031060724936
-0.00019256968450392174
-0.00020699883242292482
-0.00022243932166065365
-0.00023895628867079844
-0.00025661861434351255
-0.0002754991056177491
-0.0002956746834929059
-0.0003172265774929911
-0.00034024052662254094
-0.00036480698683816144
-0.0003910213450428316
-0.0004189841395920867
-0.00044880128728158814
-0.000480584316764616
-0.0005144506083253318
-0.0005505236399095261
-0.0005889332392886005
-0.0006298158422050316
-0.0006733147563180932
-0.0007195804307375711
-0.0007687707309000156
-0.0008210512185073293
-0.0008765954362103671
-0.0009355851966815944
-0.0009982108756796573
-0.0010646717086659734
-0.0011351760904881032
-0.0012099418775975478
-0.0012891966922199958
-0.0013731782278444708
-0.0014621345553436224
-0.0015563244289813632
-0.0016560175915049733
-0.0017614950774581892
-0.0018730495137877215
-0.001990985416750088
-0.0021156194840565297
-0.002247280881123038
-0.002386311520217998
-0.002533066331223837
-0.0026879135226488132
-0.0028512348314430383
-0.0030234257600867034
-0.0032048957993298125
-0.003396068634870232
-0.003597382336160937
-0.0038092895254377007
-0.004032257524954707
-0.0042667684803074655
-0.004513319457609499
-0.004772422512172871
-0.005044604726217647
-0.005330408213009192
-0.005630390084685326
-0.005945122380895111
-0.006275191955221771
-0.0066212003162049735
-0.006983763419613222
-0.007363511408441818
-0.007761088296926388
-0.008177151594667378
-0.008612371866751784
-0.009067432225537854
-0.009543027749535025
-0.010039864824559581
-0.010558660402083812
-0.011100141169411125
-0.01166504262601087
-0.012254108060026551
-0.012868087418630344
-0.013507736065537759
-0.01417381341861249
-0.014867081460088022
-0.015588303111504661
-0.01633824046501151
-0.017117652862211296
-0.017927294811231294
-0.018767913732190007
-0.019640247520698203
-0.020545021918482686
-0.021482947679660427
-0.022454717520621906
-0.023461002840909836
-0.024502450201909002
-0.025579677549605277
-0.026693270167136317
-0.027843776342347033
-0.02903170273510284
-0.030257509428711724
-0.03152160464947453
-0.03282433913815185
-0.03416600015701993
-0.035546805116201244
-0.03696689480315275
-0.038426326199564195
-0.03992506487052749
-0.04146297691170702
-0.043039820441384775
-0.044655236625765725
-0.046308740227774765
-0.0479997096718596
-0.04972737662007166
-0.05149081505791272
-0.05328892989224317
-0.05512044506792311
-0.05698389121488628
-0.05887759284301422
-0.060799655108636566
-0.06274795018355345
-0.06472010326551302
-0.0667134782776972
-0.06872516331437561
-0.07075195590017223
-0.07279034814157719
-0.0748365118611877
-0.07688628381788533
-0.07893515112940283
-0.08097823702776401
-0.08301028709240656
-0.08502565612078562
-0.08701829581120125
-0.08898174344793407
-0.09090911179370371
-0.09279308040938543
-0.09462588863514733
-0.09639933048042373
-0.09810475168275407
-0.09973304920621523
-0.10127467345926201
-0.1027196335195096
-0.10405750565658867
-0.10527744544717468
-0.10636820377421688
-0.1073181469976691
-0.10811528157553961
-0.10874728340043581
-0.10920153209960294
-0.10946515052377462
-0.10952504962220386
-0.1093679788685502
-0.10898058236345544
-0.10834946069611028
-0.10746123859613979
-0.10630263835393519
-0.10486055892449972
-0.10312216056709346
-0.10107495479953134
-0.09870689937518395
-0.09600649790874762
-0.0929629036982715
-0.0895660272081079
-0.08580664659034615
-0.08167652054289423
-0.07716850271174772
-0.07227665677331527
-0.06699637124397677
-0.061324473004641444
-0.05525933844596827
-0.048801001095841595
-0.04195125453431935
-0.034713749356678626
-0.027094082934174837
-0.019099880686538877
-0.010740867598878448
-0.0020289287243608913
0.007021842562242338
0.016395109734684533
0.026072272815467798
0.03603246365786438
0.046252557714122115
0.0567072031143876
0.06736886774091647
0.0782079048023572
0.08919263728819515
0.10028946148131124
0.11146296950433794
0.1226760907116284
0.13389025151894782
0.14506555299430868
0.15616096543788524
0.16713453882698687
0.17794362791742885
0.18854513047772956
0.1988957370444203
0.2089521902850148
0.21867155203257016
0.2280114757607503
0.23693048223476462
0.24538823600935672
0.2533458201363186
0.2607660067641241
0.2676135209488263
0.27385529517966517
0.27946071215866075
0.284401833358585
0.28865361100921344
0.29219408149836673
0.2950045378838008
0.2970696799298165
0.29837773979992416
0.2989205822004486
0.2986937778113749
0.29769664886053304
0.2959322867671959
0.29340754087739923
0.29013297911957064
0.286122820061853
0.2813948373788773
0.2759702378681997
0.2698735134985419
0.26313226956682895
0.2557770304872887
0.2478410243945916
0.2393599505185802
0.2303717286971372
0.2209162369954676
0.2110350364973476
0.20077108860777404
0.19016846617466784
0.17927206106500138
0.16812729182235395
0.15677981289544468
0.14527522827084463
0.13365881424486406
0.12197524837221108
0.11026835295790552
0.09858085065172885
0.08695413584382619
0.07542806249214679
0.06404075075843625
0.052828414687755954
0.04182520554046107
0.031063082559641762
0.020571696505036853
0.010378306711958806
0.0005077069166760415
-0.009017821558959858
-0.018178532494914454
-0.026957225276106608
-0.03533923419423521
-0.04331239125783613
-0.05086698647906383
-0.05799569983849593
-0.06469352848585108
-0.07095768735133634
-0.07678752574450909
-0.08218439109592632
-0.08715153443542414
-0.09169396911760877
-0.09581833968239103
-0.09953279207709993
-0.10284683566351695
-0.10577120252624765
-0.10831769896256256
-0.11049909685193289
-0.11232895459308187
-0.11382154465558242
-0.11499166403580689
-0.11585456820616544
-0.1164258025295335
-0.11672114376892825
-0.11675645401928789
-0.11654764343866283
-0.11611049542332959
-0.11546064762794543
-0.1146135363829371
-0.11358428950378158
-0.11238764490544503
-0.11103794917688516
-0.10954915161823839
-0.10793463937223907
-0.10620732261810832
-0.10437958639382458
-0.10246319964473627
-0.10046944155957352
-0.09840894998907534
-0.09629178822590798
-0.09412741070249758
-0.09192476410297284
-0.08969222009693831
-0.08743758428308679
-0.08516802597678398
-0.0828902347624167
-0.0806104642650118
-0.07833426644225959
-0.07606714528381245
-0.07381365459103431
-0.07157816648193595
-0.06936444533738217
-0.06717636960257602
-0.06501685467326097
-0.06288893433690086
-0.06079465754516024
-0.058736573426051306
-0.05671673733348419
-0.054736471878714214
-0.0527969086554756
-0.05090004419809569
-0.049045911955649335
-0.04723603279287021
-0.045470102866595016
-0.04374976756327444
-0.042073854192121
-0.04044361760307357
-0.03885815561288134
-0.03731873279006813
-0.035824284971647115
-0.03437363010617971
-0.03296776493757463
-0.03160545721761208
-0.030285766798783403
-0.029010359443329782
-0.027776330201436314
-0.026582512904741985
-0.025429967138870933
-0.024316437162269965
-0.023245668934377003
-0.022207959219059655
-0.021212931297685183
-0.020251016093462474
-0.019326252067171312
-0.01843462281025382
-0.017578033418916828
-0.016756430458591227
-0.015960730993524557
-0.015200569273641865
-0.014473175439970752
-0.013775924251076746
-0.01309729146385856
-0.012460253305753078
-0.011839483198068632
-0.01124836010006619
-0.010684397395160288
-0.01013759228061676
-0.009626215480925508
-0.009128394431148502
-0.008653892372978833
-0.00821202407088975
-0.0077821056576139165
-0.007361029387419653
-0.0069756492090823855
-0.006582615160164835
-0.006244131723784712
-0.005903609402580153
-0.005579477425157965
-0.005295663798542364
-0.004954058376198553
-0.004694672666833494
-0.0044039332669800774
-0.004173345683035148
-0.003941108224215792
-0.0037195758257113467
-0.0035248173444184165
-0.003247491168410689
-0.003159518975821389
-0.002857992663026105
-0.002808658286780544
-0.0025229729321168057
-0.002360218669025889
-0.0023721921986064255
-0.002098119294140443
-0.002029684558839528
-0.0019234109109927916
-0.0017720711147850903
-0.0015673336244439852
-0.0017328132811776594
-0.0014368232553985812
-0.0015885235796831833
-0.0011708269864221974
-0.0012944433274398265
-0.0014311111269084448
-0.0007911041812899967
0.0
0.0
0.0
0.0
0.0
0.0
0.0
0.0
0.0
0.0
0.0
0.0
0.0
0.0
0.0
0.0
0.0
0.0
0.0
0.0
0.0
0.0
0.0
0.0
0.0
0.0
0.0
0.0
0.0
0.0
0.0
0.0
0.0
0.0
0.0
0.0
0.0
0.0
0.0
0.0
0.0
0.0
0.0
0.0
0.0
0.0
0.0
0.0
0.0
0.0
0.0
0.0
0.0
0.0
0.0
0.0
0.0
0.0
0.0
0.0
0.0
0.0
0.0
0.0
0.0
0.0
0.0
0.0
0.0
0.0
0.0
0.0
0.0
0.0
0.0
0.0
0.0
0.0
0.0
0.0
0.0
0.0
0.0
0.0
0.0
0.0
0.0