0
0
0
0
0
0
0
0
0
0
0
0
0
0
0
0
0
0
0
0
0
0
0
0
0
0
0
0
0
0
0
0
0
0
0
0
0
0
0
0
0
0
0
0
0
0
0
0
0
0
0
0
0
0
0
0
0
0
0
0
0
0
0
0
0
0
0
0
0
0
0
0
0
0
0
0
0
0
0
0
0
0
0
0
0
0
0
0
0
0
0
0
0
0
0
0
0
0
0
0
0
0
0
0
0
0
0
0
0
0
0
0
0
0
0
0
0
0
0
0
0
0
0
0
0
0
0
0
0
0
0
0
0
0
0
0
0
0
0
0
0
0
0
0
0
0
0
0
0
0
0
0
0
0
0
0
0
0
0
0
0
0
0
0
0
0
0
0
0
0
0
0
0
0
0
0
0
0
0
0
0
0
0
0
0
0
0
0
0
0
0
0
0
0
0
0
0
0
0
0
0
0
0
0
0
0
0
0
0
0
0
0
0
0
0
0
0
0
0
0
0
0
0
0
0
0
0
0
0
0
0
0
0
0
0
0
0
0
0
0
0
0
0
0
0
0
0
0
0
0
1.000065739144981
0.991913749224566
0.9837077345490708
0.9754743129246048
0.9672397171357692
0.9590296620131582
0.9508692158332815
0.9427826801180756
0.9347934761912279
0.9269240404703262
0.919195729187606
0.9116287322168964
0.9042419974815937
0.8970531660212555
0.8900785158626822
0.8833329196124124
0.8768298101418127
0.8705811582969831
0.8645974607082183
0.858887738277812
0.853459544047213
0.8483189789827897
0.8434707208634339
0.8389180555592562
0.8346629237652402
0.830705963788703
0.827046572125161
0.8236829639226091
0.8206122350704124
0.8178304353878283
0.8153326431744465
0.8131130346392773
0.8111649682171339
0.8094810584553987
0.8080532589676224
0.806872932659982
0.8059309459770371
0.8052177226342219
0.8047233409212401
0.8044375922768955
0.8043500510692914
0.8044501459128891
0.8047272222255112
0.8051705995642594
0.8057696177321289
0.8065137137947924
0.8073924286361552
0.808395503055139
0.8095128592208903
0.8107346855312701
0.812051418858568
0.8134538170776652
0.8149329418943493
0.8164802303398819
0.8180874309232933
0.8197466712254254
0.8214504821309483
0.8231917652908444
0.8249637744992881
0.8267601605893053
0.8285750034601136
0.8304026913740248
0.832238019820613
0.8340761619090699
0.8359125932040983
0.8377432079893646
0.8395641773410664
0.8413720007393886
0.8431634613690497
0.8449357006486845
0.846686136335129
0.8484124470563853
0.8501124825045009
0.8517843778442603
0.8534265640761138
0.8550374959199715
0.8566162147425289
0.8581614965510654
0.8596725186547145
0.8611484404468446
0.8625890280015182
0.8639936437982485
0.8653621994437954
0.8666941231471441
0.8679896810749903
0.8692490461307533
0.870472054184823
0.8716586711796869
0.8728099289146201
0.8739253311478746
0.8750059686743952
0.8760514877813605
0.8770635017801414
0.8780412389554673
0.8789862943208356
0.8798984459557788
0.8807795709235314
0.8816295447030295
0.8824482382689842
0.883237594141564
0.8839976083492522
0.8847286122145754
0.8854333664825915
0.8861105285291278
0.8867603803646672
0.8873852640805455
0.8879845378554948
0.8885630398867349
0.8891134001901223
0.8896458316112678
0.8901531080256434
0.8906403781988245
0.8911054688385005
0.8915515868996877
0.8919801527433715
0.8923843691132011
0.8927744428064842
0.8931492902525042
0.8935079433422732
0.8938413260757946
0.8941717069436068
0.8944774217300373
0.89477197067657
0.8950544072122165
0.8953169272916119
0.8955774046128895
0.8958171927493098
0.896046378233742
0.8962746124961873
0.8964842476468273
0.8966735859111035
0.8968681389898406
0.8970295682387472
0.897215464889128
0.8973753969018979
0.8975271023647877
0.8976932896331558
0.8977856947991328
0.8979324998947528
0.8980313271601065
0.8981662064286896
0.8982817699073813
0.8983900378090404
0.8985063799177533
0.8985321302020469
0.8987151997543387
0.8986899926496805
0.8988805736413144
0.8988434476490508
0.8989058456758873
0.8991154432127035
0.8990539193555253
0.8991688025939265
0.8992392709168116
0.8992592537479771
0.8992216560379442
0.8995120412704494
0.8993747701600273
0.8996367726622208
0.8993738265250085
0.8995960528209735
0.899823581558236
0.8993388309730808
0.898710843024379
0.8987964840975701
0.8988768733383206
0.8989523010961828
0.8990230438757766
0.899089364811767
0.8991515142251966
0.8992097300929807
0.8992642385408643
0.8993152543077854
0.8993629811991957
0.8994076125742692
0.8994493317784462
0.8994883125188994
0.899524719357762
0.8995587080604202
0.8995904259917558
0.8996200125508808
0.8996475994500666
0.8996733111283003
0.8996972650834462
0.8997195721921544
0.8997403370262919
0.8997596582138638
0.8997776286106235
0.8997943357560098
0.8998098619963144
0.8998242847954204
0.8998376770022318
0.8998501071735047
0.8998616395753143
0.8998723346343114
0.8998822490478011
0.8998914359778474
0.8998999453168806
0.8999078237207213
0.899915115030597
0.8999218601415689
0.8999280974471401
0.8999338627741635
0.8999391896100561
0.899944109323654
0.8999486511449007
0.8999528423455843
0.8999567083802982
0.8999602730231576
0.8999635584748393
0.8999665853229856
0.8999693727274691
0.899971938617975
0.8999742996911232
0.8999764712184268
0.8999784677660935
0.8999803026703039
0.8999819881480291
0.8999835359098209
0.899984956618911
0.8999862600708575
0.8999874555073586
0.8999885514956569
0.8999895558292241
0.8999904756223724
0.8999913180097536
0.8999920889336241
0.8999927942578226
0.899993439286899
0.899994028795606
0.8999945675467299
0.899995059620949
0.8999955090141141
0.8999959189347071
0.8999962930346193
0.8999966339841375
0.8999969448343427
0.8999972283790817
0.8999974863259439
0.8999977212747899
0.8999979347336522
0.8999981293441447
0.8999983059779021
0.8999984668770523
0.8999986129459593
0.8999987451373489
0.8999988658302402
0.8999989746909011
0.8999990741446866
0.8999991635237327