0.6777729913610694,0.8802848738781394,1.2173260741874241
0.7079553348938942,0.8717928234631313,1.2185512368073288
0.7129553348938942,0.8703766002144797,1.2194911662623702
0.7179553348938942,0.8689576476876483,1.2206224666404129
0.762362837436549,0.856235651475325,1.23824738067746
0.869882275300005,0.824626562204293,1.32600660171245
0.931797595540023,0.806034433620497,1.39997965053584
0.980472759644218,0.791301597282797,1.46881049849187
1.02184389961769,0.778741379592472,1.5344494156947
1.05837998918588,0.767646601114301,1.5978195108506
1.09139986018926,0.757635809545134,1.65946370986266
1.12170937317934,0.748473461230036,1.71973929009574
1.14984468525297,0.740001137862269,1.77889823943162
1.17618428199484,0.732105783343936,1.83712691170029
1.20100730178986,0.724703110606646,1.89456797655835
1.22452668303867,0.717728133699868,1.9513335925891
1.24690929108502,0.711129393790365,2.00751380362608
1.26828878931755,0.704865249575144,2.06318214587363
1.28877422128355,0.698901391867444,2.11839953441353
1.30845593342128,0.693209119821378,2.17321704036787
1.32740978227749,0.68776411024101,2.22767792640479
1.34570019754216,0.682545516983942,2.28181917110311
1.36338245989612,0.677535297757592,2.33567263183264
1.38050442657529,0.672717701482655,2.38926594624061
1.39710786000782,0.668078871513098,2.44262324102219
1.41322944465809,0.663606533744671,2.49576569620976
1.42890169467667,0.659289749952786,2.54871199923897
1.44415347836024,0.65511871667502,2.60147871457689
1.45901064128717,0.65108460402039,2.65408058652839
1.47349641721533,0.647179422271614,2.70653078997169
1.48763178597705,0.643395911594329,2.75884113927668
1.50143577071097,0.639727449961241,2.81102226361878
1.51492568651129,0.636167975722228,2.86308375502449
1.52811734986906,0.632711922043273,2.91503429411536
1.54102525618211,0.629354161049505,2.9668817574897
1.5536627310972,0.626089955955009,3.01863330987923
1.56604206023866,0.622914919815835,3.07029548360959
1.57817460097342,0.619824979808103,3.12187424741174
1.5900708791697,0.616816346144872,3.17337506625368
1.60174067332584,0.613885484907918,3.22480295356253
1.61319308803797,0.61102909420263,3.27616251696872
1.62443661840389,0.608244083146495,3.32745799851065
1.6354792066935,0.605527553285851,3.37869331008383
1.64632829239658,0.602876782102279,3.42987206478963
1.65699085656043,0.600289208325681,3.48099760473798
1.66747346120275,0.597762418813842,3.53207302577141
1.67778228444712,0.595294136797646,3.58310119950629
1.68792315193661,0.592882211319043,3.63408479303324
1.69790156499527,0.590524607715891,3.68502628656207
1.70772272594514,0.588219399027139,3.73592798926361
1.71739156091317,0.585964758210898,3.78679205352123
1.72691274043706,0.583758951082453,3.83762048777785
1.73629069811405,0.581600329889847,3.88841516813906
1.74552964752399,0.57948732745907,3.93917784887126
1.75463359761324,0.57741845184599,3.98991017191893
1.76360636670808,0.575392281442226,4.04061367554429
1.77245159530663,0.573407460488246,4.09128980218535
1.78117275777558,0.571462694951668,4.14193990561313
1.78977317306298,0.569556748735977,4.19256525746059
1.79825601453044,0.56768844018575,4.2431670531866
1.80662431898887,0.565856638861394,4.29374641753226
1.81488099501659,0.564060262557463,4.34430440951849
1.82302883062865,0.562298274542328,4.39484202703002
1.83107050035763,0.560569680999058,4.44536021102472
1.83900857180199,0.558873528649777,4.49585984940418
1.84684551168844,0.557208902547416,4.5463417805766
1.85458369149343,0.555574924020226,4.59680679673966
1.86222539266131,0.553970748756738,4.64725564690967
1.86977281145554,0.55239556501892,4.69768903971877
1.87722806347277,0.550848591973187,4.74810764600092
1.88459318784923,0.549329078130143,4.79851210118458
1.89187015118424,0.547836299883974,4.84890300750962
1.8990608512041,0.546369560143965,4.89928093608209
1.90616712018735,0.544928187051034,4.94964642878121
1.9131907296483623,0.5435115331078882,5.0
1.9201346463452138,0.5421187202732639,5.050351330187549
1.9269991896957657,0.5407494170131106,5.100691316159925
1.933785963728357,0.5394030394446028,5.151020418071081
1.940496522384862,0.5380790239710468,5.201339073428383
1.9471323703166337,0.5367768260782606,5.25164769843614
1.9536949651066076,0.5354959194871638,5.301946689221209
1.960185719361201,0.5342357953535326,5.352236422976571
1.9666060026817709,0.5329959615122157,5.402517259029529
1.97295714352424,0.531775941762388,5.452789539839992
1.97924043095319,0.5305752751912917,5.503053591934445
1.9854571163005073,0.529393515534096,5.55330972677945
1.9916084147320865,0.528230230567301,5.603558241600595
1.9976955067303606,0.5270850015335801,5.653799420149156
2.0037195394981815,0.5259574225963832,5.704033533421378
2.0096816282882064,0.5248471003218522,5.75426084033361
2.015582857663858,0.5237536531870263,5.804481588355608
2.021424282694935,0.5226767111122897,5.854696014105947
2.0272069300931044,0.5216159150167885,5.9049043439114985
2.0329317992902682,0.5205709163953941,5.955106794333672
2.0385998634636415,0.5195413769160266,6.005303572663479
2.0442120705104254,0.5185269680359399,6.055494877387833
2.049769343975814,0.5175273706362615,6.1056808986286555
2.0552725839362194,0.5165422746733485,6.1558618185568905
2.060722667840891,0.5155713788462251,6.206037811782718
2.0661204513143265,0.5146143902792656,6.2562090457239385
2.0714667689214514,0.5136710242190526,6.306375680953435
2.0767624348979594,0.5127410037448913,6.3565378715273635
2.0820082438474263,0.5118240594920843,6.406695765295557
2.0872049714075085,0.5109199293872637,6.456849504194351
2.092353374886564,0.5100283583953745,6.5069992245239945
2.097454193872397,0.5091490982773931,6.557145057210835
2.10250815081461,0.5082819073584167,6.607287128055568
2.1075159515820845,0.5074265503055514,6.657425557968344
2.1124782859967874,0.5065827979150759,6.707560463191286
2.1173958283451353,0.5057504269084729,6.757691955509602
2.122269237868195,0.5049292197368108,6.807820142451622
2.127099159231455,0.5041189643930524,6.85794512747851
2.131886222975909,0.5033194542320452,6.908067010164236
2.1366310459504585,0.5025304877976615,6.95818588636657
2.141334231727532,0.5017518686568346,7.008301848389293
2.145996371001712,0.5009834052400722,7.058414985136143
2.1506180419733254,0.5002249106883239,7.1085253822575005
2.1551998107165624,0.4994762027056067,7.15863312228944
2.159742231534084,0.49873710341750904,7.208738284786165
2.1642458637729507,0.4980075261903114,7.258840941998883
2.168711205794749,0.4972871250777149,7.308941176960844
2.1731387955215955,0.49657582431333563,7.359039056379946
2.1775291434602826,0.4958734623995103,7.409134649082917
2.1818827499094042,0.49517988162498694,7.45922802148658
2.186200105266669,0.4944949279516125,7.509319237696366
2.1904816903025934,0.4938184509128071,7.559408359600195
2.194727976397066,0.49315030350542166,7.609495446957913
2.198939425820958,0.4924903420843928,7.659580557487135
2.2031164919575343,0.49183842628006214,7.709663746944016
2.2072596195570218,0.49119441889689547,7.7597450692012995
2.211369244954161,0.4905581857984848,7.809824576323788
2.2154457962855045,0.4899295958638013,7.859902318637131
2.219489693705652,0.4893085208828316,7.909978344796596
2.22350134959564,0.4886948354663178,7.96005270185197
2.2274811687495966,0.4880884169690674,8.010125435309435
2.2314295485846563,0.4874891454290523,8.060196589189914
2.235346879307179,0.48689690348228787,8.11026620608615
2.239233544101363,0.48631157629846994,8.16033432721643
2.2430899193052953,0.4857330515030261,8.210400992476702
2.2469163745714886,0.4851612191146665,8.260466240489928
2.250713273035083,0.4845959714816316,8.310530108653351