1.11804659546038,4.5038916975169,1.64427785252154
1.08022937770123,4.5548564454646,1.65151704441857
1.04022589058823,4.60752474715536,1.67189982236227
0.994369197648097,4.66417459947667,1.71731032433422
0.913780753456897,4.74514836012886,1.89401133714621
0.898617226148425,4.74694531870721,1.95883751441464
0.873381361865963,4.75153809468885,2.09324936439081
0.859388671425853,4.74852656813949,2.19481340031042
0.8496079065138,4.74340960787039,2.28269834735985
0.842125136691426,4.73750880218723,2.36248796215798
0.836104769697024,4.73132536577913,2.43676567471257
0.831099636285944,4.72508632011745,2.50699468558958
0.826840514634648,4.71890346814246,2.57410662676012
0.823152199085456,4.71283361094333,2.63874167947651
0.819914150381936,4.70690514317866,2.70136373384687
0.817039890811479,4.70113104417496,2.76232217412353
0.814465306988541,4.69551568300189,2.82188790113396
0.812141586262584,4.69005856515635,2.88027572964052
0.810030736994399,4.68475647603821,2.93765905068054
0.808102637101672,4.67960470461408,2.99417981503717
0.806333014359667,4.67459782653534,3.04995562495651
0.804702038956598,4.66973011644685,3.10508484632653
0.803193309588316,4.66499581906878,3.15965043658905
0.801793111862315,4.66038930228955,3.21372284977532
0.800489865460944,4.65590514275196,3.26736228377647
0.799273705468362,4.65153816973161,3.32062044530853
0.798136160813503,4.64728348332989,3.37354195443909
0.797069904164037,4.6431364570493,3.42616547510753
0.796068555158788,4.6390927311089,3.47852463427635
0.79512652398402,4.63514820052971,3.5306487758403
0.794238885830264,4.63129900053386,3.58256358386709
0.793401279244991,4.62754149085388,3.63429160138458
0.792609823160845,4.62387223993116,3.68585266493087
0.791861048654791,4.6202880095906,3.73726427057119
0.79115184242582,4.61678574052208,3.78854188374044
0.790479399668502,4.613362538734,3.83969920275789
0.789841184536626,4.61001566304483,3.89074838384482
0.789234896780017,4.60674251361117,3.94170023402014
0.788658443435151,4.60354062145417,3.99256437703643
0.788109914678679,4.60040763892496,4.04334939657562
0.787587563129697,4.59734133103831,4.09406296019777
0.787089786024882,4.59433956760047,4.1447119269311
0.786615109799468,4.59140031605873,4.19530244088922
0.78616217669266,4.58852163500168,4.24584001294422
0.785729733064907,4.58570166824538,4.29632959212711
0.785316610579719,4.5829388505292,4.34677567072369
0.784921752635054,4.58023103247021,4.39718216411863
0.784544151573512,4.5775768232417,4.44755272994035
0.784182879513126,4.57497465770127,4.49789062394932
0.783837072309438,4.57242303331603,4.54819878604273
0.783505924014897,4.5699205066422,4.59847987347333
0.783188681931516,4.56746569014515,4.64873629027312
0.782884642184291,4.56505724918373,4.69897021333743
0.782593145743501,4.56269389932764,4.74918361560839
0.782313574850019,4.56037440374273,4.79937828667425
0.782045349786653,4.55809757086974,4.84955585113126
0.78178792596112,4.55586225222629,4.89971778494861
0.781540791264237,4.55366734030822,4.94986543007221
0.7813034659686038,4.551511708511577,5.0
0.7810754174566718,4.549393713698458,5.050139410316541
0.7808563036679259,4.547313142546866,5.100266596692401
0.7806457204011767,4.545268989740251,5.15038258511218
0.7804432846736832,4.543260319313021,5.200488315441919
0.7802486345743764,4.54128622713264,5.250584645346757
0.7800614278418001,4.539345839534594,5.300672357973869
0.7798813405613123,4.537438311964943,5.350752168856796
0.7797080659652319,4.535562827747961,5.400824732135158
0.7795413133282613,4.533718596910141,5.450890646158777
0.7793808069490724,4.531904855061386,5.500950458543343
0.7792262852094982,4.530120862341253,5.551004670732925
0.7790774997041917,4.528365902434508,5.601053742126109
0.7789342144353312,4.526639281620337,5.651098093804676
0.7787962050659893,4.524940327875812,5.701138111909564
0.7786632582271451,4.523268390026413,5.7511741506993275
0.7785351708739099,4.521622836936297,5.801206535321446
0.7784117496864476,4.520003056748102,5.8512355643289435
0.7782928105132223,4.5184084561336615,5.9012615119618
0.778178177850702,4.516838459614487,5.951284630223209
0.7780676843594377,4.51529250888343,6.001305150765334
0.7779611704112803,4.513770062176494,6.051323286604831
0.7778584836668054,4.512270593665407,6.1013392336861685
0.7777594786798456,4.510793592877526,6.151353172304555
0.7776640165274069,4.509338564146083,6.201365268403262
0.7775719644630134,4.507905026077168,6.251375674758012
0.7774831955918298,4.506492511043365,6.3013845320566375
0.77739758856535,4.505100564707511,6.351391969886039
0.7773150272956312,4.503728745546795,6.401398107633266
0.7772354006860075,4.502376624416613,6.451403055310887
0.7771586023783856,4.501043784121796,6.5014069143100555
0.7770845305152762,4.499729819009577,6.5514097780916964
0.7770130875160404,4.498434334574604,6.601411732817752
0.7769441798657857,4.497156947087903,6.651412857931162
0.7768777179167393,4.495897283231663,6.701413226686538
0.7768136157006839,4.494654979755881,6.751412906637492
0.7767517907521437,4.493429683143621,6.801411960083414
0.7766921639413538,4.49222104929213,6.851410444479668
0.7766346593165315,4.491028743205379,6.901408412814715
0.7765792039547309,4.4898524387001,6.951405913956337
0.7765257278209755,4.4886918181192055,7.001402992970109
0.7764741636347708,4.4875465720611425,7.051399691412052
0.7764244467439964,4.486416399114522,7.101396047598258
0.7763765150052417,4.485301005607672,7.151392096852597
0.7763303086706201,4.484200105363767,7.201387871735462
0.7762857702804458,4.483113419465895,7.251383402253785
0.7762428445613883,4.482040676032447,7.301378716055126
0.7762014783299279,4.480981609999049,7.351373838606162
0.7761616204007352,4.479935962908864,7.401368793357669
0.7761232214996356,4.478903482710605,7.451363601896609
0.7760862341809878,4.477883923563733,7.501358284086293
0.7760506127490993,4.4768770456514595,7.55135285819576
0.7760163131836394,4.475882614998441,7.601347341019753
0.7759832930686169,4.474900403297118,7.651341747988997
0.7759515115248478,4.4739301877387625,7.7013360932721335
0.7759209291456984,4.472971750851049,7.751330389870394
0.7758915079359074,4.472024880340982,7.801324649704575
0.775863211253316,4.4710893689434394,7.851318883695839
0.7758360037533552,4.4701650142752065,7.90131310184018
0.7758098513361769,4.46925161869315,7.951307313277567
0.775784721096215,4.46834898915804,8.001301526355906
0.7757605812740901,4.4674569371030275,8.051295748690045
0.7757374012107694,4.466575278305713,8.101289987216612
0.7757151513037824,4.465703832765439,8.151284248244693
0.7756938029654402,4.464842424584279,8.201278537502802
0.7756733285829674,4.463990881851786,8.251272860182382
0.7756537014803908,4.4631490365339275,8.301267220978247
0.7756348958821506,4.462316724365572,8.351261624125778
0.7756168868783263,4.461493784746187,8.40125607343575
0.7755996533090059,4.460679982451114,8.451250570529911
0.7755831658151552,4.459875326850395,8.501245122203798
0.7755674050668488,4.459079582617025,8.55123972922231
0.7755523493139432,4.458292602674025,8.601234393992932
0.7755379774836293,4.457514243547915,8.65122911864616
0.7755242692149054,4.456744364436176,8.701223905039178
0.7755112048156726,4.455982827814688,8.751218754791491
0.775498765197366,4.455229499191432,8.801213669299536
0.7754869319108249,4.454484246716334,8.851208649748521
0.77547568710856,4.4537469413041055,8.901203697132738
0.7754650134664488,4.45301745691563,8.951198812277324
0.775454894254371,4.452295669873281,9.001193995840616
0.775445313254237,4.451581459102422,9.051189248333218
0.7754362547590553,4.450874706133994,9.101184570131268
0.7754277035508281,4.450175294863513,9.15117996148442
0.7754196448848784,4.449483111660777,9.201175422529401
0.7754120644793959,4.448798045205198,9.25117095329775
0.7754049485002142,4.448119986270423,9.301166553722323
0.7753982835276189,4.44744882803365,9.351162223651636
0.7753920565576141,4.446784465793149,9.401157962853715
0.7753862549824514,4.4461267968874685,9.45115377102304
0.775380866574529,4.4454757207886875,9.501149647789328
0.7753758794863681,4.444831138858349,9.55114559272071
0.7753712822227764,4.444192954462536,9.601141605331984
0.7753670636310425,4.443561072897811,9.651137685089461
0.7753632128975674,4.442935401264061,9.701133831414674
0.775359719525883,4.442315848477887,9.751130043689798
0.7753565733357134,4.441702325272889,9.801126321262368
0.7753537644456261,4.441094744055225,9.851122663447834
0.7753512832685201,4.440493018902418,9.901119069533683
0.7753491204970053,4.4398970655796495,9.951115538783514
