2.904742281876,1.71835188902421,2.54619870742004,2.86846195046578,5.8923712978045
2.90878608416581,1.78585724649991,2.61164791743328,2.85346321065307,5.85549982979549
2.89842151554631,1.84112570957314,2.66838935567731,2.82909522067063,5.80016487299959
2.88299995242071,1.89161742792595,2.72163521339901,2.80134434795451,5.74002929929062
2.86482943450811,1.93953568739701,2.77303589011009,2.7715961738756,5.67798226049918
2.84486969699406,1.98584767613377,2.82333133503022,2.74042461276543,5.61507792599439
2.82362589559537,2.03106650621941,2.872917290404,2.70814487094525,5.55180085616047
2.8181530273768507,2.0422387175001075,2.8852324316538502,2.6999277311611998,5.535956470909275
2.80140355533252,2.07549855567961,2.92203098875952,2.67496349338253,5.48840316570456
2.77840538521971,2.1193431408519,2.97082741297808,2.64103286489123,5.42502606481238
2.75477510826054,2.1627391880014,3.01941537313189,2.60647477087537,5.36175251570073
2.73061985880917,2.20578942647624,3.06787628785715,2.57139184361769,5.29863304621264
2.70602269701203,2.24857386627789,3.1162746380524,2.53587362302259,5.23569955133436
2.681050100959862,2.2911577101649603,3.1646640672713104,2.5,5.172973141799975
2.6557566986769077,2.3335961936065557,3.2130910747845265,2.4638432875617307,5.110468792559841
2.63018842742648,2.3759375799211164,3.2615972436045846,2.4274696007503724,5.048198241726488
2.6043846607690484,2.4182251505070393,3.3102207099608476,2.390939732521902,4.986171704853067
2.5783797449661825,2.460498457090456,3.358997037902932,2.3543098389680353,4.924399003213826
2.55220410884165,2.502794158831926,3.4079597803535715,2.3176319514026686,4.862890249810771
2.5258850893587783,2.5451465779623073,3.457140826647142,2.2809543887712818,4.801656263241305
2.4994475572250545,2.587588069678415,3.506570611888224,2.2443221015372687,4.7407088038363785
2.472914398411614,2.6301492679908285,3.5562782363455296,2.2077769660042814,4.680060692422682
2.446306889547592,2.6728592479715023,3.606291526171764,2.171358040655016,4.619725851135057
2.419644993570462,2.7157456312812616,3.6566370559683348,2.135101791811582,4.5597192923135434
2.3929475943400016,2.7588346530472987,3.707340146764012,2.0990422934252595,4.500057072783316
2.3662326837248675,2.8021512023684534,3.7584248484517904,2.0632114043353296,4.440756225038426
2.3395175110736837,2.8457188448744755,3.809913912762289,2.0276389254705487,4.381834672988015
2.3128187024549316,2.8895598331934087,3.8618287609087263,1.9923527389513194,4.323311137338503
2.286152355239937,2.9336951094447947,3.9141894487609137,1.9573789307383427,4.265205033948236
2.259534112300496,2.9781443027141,3.967014631578883,1.9227418982847102,4.207536367344394
2.232979219138219,3.022925723673086,4.0203215297991015,1.8884644445313703,4.150325620837269
2.2065025665625755,3.0680563579810283,4.074125897025842,1.85456785950477,4.093593644199668
2.180118721022103,3.1135518597456073,4.128441991167449,1.8210719907286048,4.037361539601049
2.153841944309532,3.1594265460717574,4.183282549516952,1.7879953036201226,3.9816505463377645
2.127686204089565,3.2056933935670697,4.238658768495873,1.7553549330134997,3.9264819248616782
2.1016651764898064,3.25236403753738,4.294580288706762,1.723166726925487,3.8718768406060873
2.0757922418545327,3.2994487745219843,4.351055185894925,1.6914452836552591,3.8178562481744764
2.050080474654138,3.34695656872501,4.408089968354971,1.6602039832798685,3.764440776517847
2.024542628473959,3.394895062828236,4.465689581258676,1.6294550145821183,3.7116506158146203
1.99919111694979,3.4432705935844825,4.523857418298638,1.599209398403453,3.6595054068446187
1.974037991489155,3.4920882125126127,4.582595340955309,1.5694770083823653,3.608024133719595
1.9490949165762557,3.5413517119110365,4.641903705580964,1.540266589974729,3.557225020879799
1.924373143428559,3.5910636564232297,4.701781398489577,1.5115857786088314,3.5071254352512935
1.8756329026965388,3.691844334518111,4.823241797747303,1.455834252263226,3.409082729332159
1.8279013965962643,3.7944211295692347,4.946932070793686,1.4022660353449448,3.314021470017012
1.7812510885981243,3.8987746933475886,5.072795576279104,1.350904284194228,3.2220414934057624
1.7357454074325624,4.004870805835532,5.200757996232319,1.301756466657432,3.1332221457508687
1.6914381862858456,4.1126624540153305,5.330729985543362,1.2548153166604963,3.047621222072869
1.6483733354592636,4.222092069506264,5.462610025379399,1.2100600013049012,2.9652746102110177
1.6065847321371471,4.3330937753305605,5.5962873230153765,1.1674574149489527,2.8861965621332355
1.5660963705171085,4.445595612601281,5.731644671054131,1.1269636399009064,2.8103805944506726
1.5269227270418797,4.559521625003402,5.868561135103688,1.0885254770831951,2.737800882939714
1.4890693220259377,4.674793754201328,6.006914493722738,1.0520820159272053,2.6684140565033956
1.4525334361321678,4.791333498937729,6.146583369228525,1.0175661888674103,2.602161266962262
1.417304937335344,4.909063312855519,6.287449015846221,0.9849062637356304,2.5389704152058203
1.3833671741584723,5.0279077345939385,6.42939675615522,0.9540272357283942,2.478758425183303
1.350697894345851,5.147794258775329,6.572317076949795,0.9248520907010641,2.4214334734218146
1.319270153733243,5.268653967714183,6.7161064107189565,0.8973029214910231,2.3668971013598448
1.289053187575721,5.3904219514997305,6.860667638947941,0.871301889273996,2.315046158602273
1.260013223512959,5.5130375475256805,7.0059103584094755,0.8467720296359587,2.265774543648091
1.2321142225295727,5.636444431685572,7.151750952918896,0.8236379097069666,2.2189747255903147
1.2053185403632767,5.760590592168844,7.2981125113304826,0.8018261474128409,2.1745390436060155
1.1795875065685093,5.885428213888183,7.444924628936542,0.7812658064173352,2.1323607909652926
1.154881922539774,6.01091349824192,7.592123124793394,0.7618886821824951,2.092335097590609
1.1311624823736004,6.137006438926079,7.739649702399506,0.7436294946063773,2.0543596295011195
1.1083901222818757,6.263670570702559,7.8874515761205295,0.7264260022693776,2.0183351256732913
1.08652630537496,6.390872704555177,8.035481081098107,0.7102190522979427,1.9841657936668657
1.065533249035031,6.518582659488152,8.183695280237242,0.6949525784697616,1.9517595847246014
1.0453741020936433,6.646772998545049,8.332055578351376,0.6805735585718158,1.921028367837803
1.026013078776317,6.7754187744460594,8.480527350612789,0.6670319406185256,1.8918880204817747
1.0074155558614681,6.904497288443817,8.629079590122023,0.654280545922736,1.8642584518331657
0.9895481389115032,7.033987864605794,8.77768457755089,0.642274955736291,1.8380635721778342
0.9723787019985402,7.1638716470507555,8.926317581676907,0.6309733863926573,1.8132312191916118
0.955876410442948,7.294131382350957,9.074956547723986,0.6203365605770472,1.78969305817243
0.9400117180771439,7.424751282197575,9.223581882208016,0.6103275700583546,1.7673844466045823
0.9247563591665063,7.555716838733492,9.372176188209615,0.600911743608408,1.74624429413083
0.9100833252453352,7.687014686911383,9.520724058886463,0.5920565138666393,1.726214905268504
0.8959668343766862,7.818632474804706,9.669211884282348,0.5837312880770925,1.7072418167875607
0.8823822940050642,7.950558747136982,9.817627677216043,0.5759073232773587,1.6892736321397632
0.8693062591116085,8.082782840952092,9.965960916721585,0.5685576067585404,1.6722618558543985
0.8567163870288725,8.215294792330972,10.114202407533734,0.5616567423115351,1.6561607300873071
0.8505977759822816,8.281648040164704,10.188277579556248,0.5583674858774453,1.6484389583194627
0.838697523864811,8.414574406114621,10.336366805852244,0.5520955307977945,1.6336235609643521
0.8272320882967199,8.547766254595594,10.484346301035416,0.5462153200666081,1.6196153653631709
0.8161826048867556,8.681215469817781,10.632210601259082,0.5407063087463531,1.6063769748739383
0.8055310933702641,8.8149143264465,10.77995509674982,0.5355491338390289,1.5938730597227826
0.7952604092360942,8.948855440466449,10.927575955415492,0.5307255345175743,1.5820702264222732
0.785354196817836,9.08303172597654,11.075070054239657,0.5262182784252998,1.570936895418185
0.7757968437868134,9.217436357132643,11.222434917664074,0.522011093624535,1.560443186632642
0.7665734372503319,9.352062734745994,11.36966866211943,0.5180886059411486,1.550560812911259
0.7576697216355347,9.486904457123348,11.51676994592782,0.5144362814556267,1.5412629813601066
0.7490720584635423,9.621955294757983,11.66373792389053,0.5110403738636615,1.5325243024435178
0.7407673881193684,9.75720916854849,11.810572205926645,0.5078878764381958,1.524320706711176
0.7327431936705883,9.892660131243147,11.957272819203201,0.5049664783153728,1.5166293689561858
0.7249874667810947,10.028302351849073,12.103840173251378,0.5022645248319858,1.5094286395975467
0.7174886757447323,10.164130102773333,12.250275027617683,0.4997709816466852,1.5026979830574556
0.7102356672900082,10.300138983475108,12.396579792583486,0.497475380810789,1.4964178641086816
0.7032177377608444,10.436324536456324,12.542756986330126,0.49536782851269606,1.4905697948259935
0.6964245682068034,10.572682241321301,12.688809260516164,0.4934389608620676,1.4851362502238368
0.6898462343232227,10.709207549849157,12.834739368013572,0.4916799348640992,1.48010066558038
0.6834731647192018,10.845895880931042,12.980550162385484,0.49008239815304383,1.475447383780649
0.6772961231722218,10.982742632755661,13.126244584195106,0.48863847089243545,1.4711616309906634
0.6713061893558798,11.1197431929595,13.271825649205159,0.487340728279134,1.4672294938801709
0.6654947415890395,11.256892949464923,13.417296436316192,0.4861821850256376,1.4636379018073362
0.6598534414611458,11.39418730192424,13.562660075290392,0.48515628158144425,1.4603746135969071
0.6543742202425028,11.531621673717082,13.707919734284857,0.48425687187962996,1.457428208570097
0.6490492669721554,11.66919152443443,13.85307860723214,0.4834782124132061,1.454788081512952
0.6438710180448788,11.806892362722277,13.998139901158014,0.4828149524438033,1.452444441268245
0.6388321482189376,11.944719759429233,14.143106823469035,0.4822621251870732,1.4503883126954562
0.6339255629794811,12.082669361013087,14.287982569234837,0.48181513983422325,1.448611541770135
0.6291443920075103,12.220736903020608,14.432770308610614,0.48146977425144644,1.4471068035953571
0.6244819837471886,12.358918223653045,14.577473174383002,0.48122216828593073,1.4458676132501642
0.6199319157950864,12.497209289474206,14.72209423958163,0.48106882098247633,1.4448883455238648
0.6154879347789508,12.635606162369529,14.866636544209305,0.4810065712167409,1.4441642263350338
0.6111440340201555,12.774105079286207,15.01110302825987,0.48103261203973063,1.4436913873785564
0.6068944001956877,12.912702423025678,15.155496555584403,0.4811444726234083,1.443466864089907