0.730005736961043,3.4741281632283525,1.0228719157391186
0.7393481757293855,3.4102524158794205,1.0992454067593032
0.7489127066126295,3.347386404211916,1.1764262428467696
0.7586565600702199,3.2857410823985793,1.2545644348619085
0.7685454019361867,3.225472893079591,1.333752527218463
0.7785506508922881,3.166697644077588,1.4140411251371696
0.7886479072462477,3.109499183543856,1.4954495897992481
0.7988159999881195,3.053935264135272,1.5779738349233805
0.8090363874334546,3.0000418407246388,1.6615922668817926
0.8192927625690276,2.947836466138384,1.7462704498184562
0.829570776831157,2.8973211403760133,1.8319648326887388
0.8398578317444876,2.8484847991744746,1.9186257439906635
0.8501429089846935,2.8013055344627102,2.006199789793485
0.860416422231953,2.7557525893923116,2.094631753288139
0.8706700819332198,2.711788146008271,2.1838660739164375
0.8808967687103548,2.669368913416381,2.273847972487215
0.8910904137688472,2.628447521936951,2.3645242808854268
0.9012458860291437,2.588973730138625,2.4558440286421526
0.911358886298221,2.5508954544142664,2.547758832719657
0.9214258489478301,2.5141596335425263,2.6402231310404147
0.9314438514793753,2.478712942814462,2.7331942945607537
0.9414105321650102,2.444502373570284,2.8266326471992533
0.9513240157404435,2.411475694400092,2.920501417829219
0.9611828469305466,2.3795818099549275,3.014766643951485
0.9709859314335698,2.3487710324672317,3.1093970426415654
0.9807324838781232,2.3189952798825293,3.204363860933493
0.9904219821995706,2.2902082131023302,3.299640714935977
1.0000541278489303,2.262365323365095,3.3952034246323524
1.0096288112436786,2.2354239793323516,3.4910298494317353
1.0191460818857194,2.209343442064138,3.587099728051085
1.0286061226030032,2.1840848547973235,3.6833945251515963
1.038009227410507,2.15961121330332,3.779897286269715
1.0473557825307183,2.135887321600902,3.8765925019193133
1.0566462501594467,2.1128797369348864,3.9734659812528323
1.0658811546076399,2.090556707193368,4.070504735317393
1.0750610704935744,2.0688881033109148,4.167696869695117
1.0841866126989652,2.0478453486850814,4.26503148615163
1.0932584278397561,2.027401347199762,4.3624985928111695
1.1022771870348487,2.007530411093433,4.4600890223164855
1.111243579785672,1.9882081896190384,4.557794357403847
1.1201583088048253,1.9694115992070136,4.655606863319168
1.129022085655458,1.951118755651603,4.753519426512525
1.1378356270819847,1.9333089086894972,4.851525499071034
1.146599651930333,1.9159623792182678,4.949619048378973
1.1553148785704561,1.8990604993070377,5.047794511527119
1.1639820227466762,1.882585555077613,5.146046754028076
1.1726017957921322,1.8665207324766244,5.244371032429368
1.1811749031531307,1.8508500659160458,5.342762960450498
1.1897020431771053,1.835558389726179,5.441218478303017
1.1981839061246213,1.8206312923418626,5.5397338248838315
1.2066211733718877,1.8060550731253677,5.638305512560999
1.2150145167749584,1.7918167017181519,5.736930304298127
1.2233645981712127,1.777903779806574,5.8356051928882415
1.2316720689971825,1.764304505182854,5.934327382090528
1.2399375700050381,1.751007637981425,6.033094269483922
1.2481617310623672,1.7380024689715732,6.1319034308701434
1.256345171022433,1.7252787897895274,6.230752606075607
1.264488497653739,1.7128268649964808,6.329639686016844
1.2725923076195909,1.7006374058529854,6.428562700907711
1.2806571864993628,1.6887015457048642,6.527519809499036
1.2886837088448597,1.677010816880557,6.6265092892523
1.2966724382656611,1.6655571290049125,6.725529527358944
1.3046239275384877,1.6543327486395283,6.824579012525744
1.3125387187364335,1.6433302801647873,6.923656327454661
1.3204173433741757,1.632542647823777,7.022760141952751
1.3282603225662064,1.6219630788530095,7.121889206614082
1.336068167195365,1.6115850876296047,7.221042347021375
1.3438413780893714,1.6014024607689699,7.320218458420207
1.3515804462034915,1.5914092431113307,7.419416500823243
1.359285852807574,1.581599724539419,7.518635494506089
1.366958069676261,1.5719684275734533,7.617874515860067
1.3745975592809032,1.5625100956931508,7.717132693570568
1.3822047749825013,1.5532196823398103,7.816409205092577
1.3897801612244938,1.544092340554757,7.915703273397728
1.3973241537250107,1.53512341321326,8.015014163969582
1.4048371796676846,1.5263084238159523,8.114341182026056
1.4123196578907973,1.5176430678022323,8.21368366994985
1.4197719990741207,1.509123204352585,8.313041004909508
1.4271946059233238,1.500744848649029,8.412412596655292
1.4345878733514623,1.4925041645649169,8.511797885475554
1.4419521886575208,1.4843974577573238,8.611196340300493
1.4492879317016794,1.4764211691370406,8.710607456941434
1.45659547507727,1.4685718686928477,8.810030756454745
1.4638751842793076,1.4608462496483672,8.909465783620536
1.4711274178694496,1.4532411229311915,9.008912105527079
1.4783525276373966,1.4457534119353797,9.108369310252721
1.4855508587587665,1.4383801475596303,9.207837005637744
1.4927227499493054,1.431118463504636,9.307314818139256
1.4998685336154818,1.4239655918142315,9.406802391762831
1.5069885360015713,1.4169188586459016,9.506299387065088
1.5140830773331568,1.4099756802571861,9.605805480221907
1.5211524719571146,1.4031335591954175,9.70532036215742
1.5281970284781432,1.396390080679005,9.804843737729325
1.5352170498919089,1.389742909159216,9.904375324966372
1.5422128337147616,1.3831897850521988,10.003914854354313
1.549184672110277,1.3767285216315253,10.103462068166776
1.5561328520124271,1.3703570020722482,10.203016719837917
1.5630576552457056,1.3640731766379717,10.302578573373891
1.569959358642101,1.3578750600029805,10.402147402800404
1.576838234155045,1.3517607287019962,10.501722991643879
1.5836945489704148,1.3457283187005227,10.601305132443896
1.590528565614664,1.3397760230792524,10.700893626294784
1.5973405420601128,1.33390208982634,10.80048828241439
1.6041307318275058,1.3281048197317553,10.900088917738199
1.6108993840858676,1.322382564378293,10.999695356537112
1.6176467437498445,1.31673372422407,11.099307430057321
1.6243730515743682,1.3111567467717586,11.198924976180843
1.6310785442469764,1.3056501248199734,11.298547839105339
1.6377634544776425,1.3002123947925823,11.398175869042019
1.6444280110863276,1.2948421351419062,11.497808921930424
1.6510724390882237,1.2895379648220406,11.59744685916905
1.6576969597767788,1.2842985418287236,11.697089547360799
1.6643017908045892,1.2791225618024067,11.796736858072332
1.670887146262234,1.2740087566913272,11.896388667606457
1.6774532367549697,1.2689558934716503,11.996044856786762
1.6840002694775638,1.263962772921788,12.095705310753718
1.6905284482871812,1.2590282284482992,12.195369918771588
1.6970379737743082,1.2541511249608082,12.295038574045467
1.7035290433320236,1.2493303577935915,12.394711173547847
1.7100018512233657,1.244564851671564,12.494387617854171
1.7164565886470629,1.2398535597185676,12.594067810986802
1.7228934438016008,1.2351954625059354,12.69375166026694
1.7293126019476213,1.2305895671394222,12.793439076174044
1.735714245468798,1.226034906382731,12.893129972212275
1.7420985539311686,1.2215305378159005,12.99282426478361
1.7484657041409786,1.2170755430269613,13.092521873067218
1.7548158702011032,1.2126690268353177,13.192222718904745
1.7611492235660238,1.2083101165454218,13.291926726691198
1.7674659330955267,1.2039979612293352,13.391633823271098
1.7737661651069676,1.1997317310369215,13.491343937839611
1.7800500834263422,1.1955106165323826,13.591057001848393
1.7863178494380871,1.1913338280560024,13.690772948915887
1.7925696221336027,1.1872005951099636,13.790491714741837
1.7988055581587141,1.183110165767185,13.89021323702577
1.805025811859843,1.1790618061021787,13.989937455389287
1.8112305353292057,1.1750547996429501,14.089664311301876
1.817419878448823,1.171088446843074,14.189393748010161
1.8235939889334996,1.1671620645730307,14.289125710470328
1.829753012372832,1.1632749856300237,14.388860145283598
1.8358970922721314,1.1594265582654755,14.488597000634593
1.8420263700924706,1.1556161457294518,14.588336226232427
1.848140985289682,1.151843125831331,14.688077773254403
1.8542410753525622,1.1481068905160177,14.78782159429217
1.8603267758400555,1.1444068454550722,14.887567643300235
1.8663982204176937,1.1407424096521304,14.987315875546676
1.8724555408930779,1.1371130150620514,15.087066247565994
1.878498867250639,1.1335181062232131,15.186818717113963
1.8845283276855083,1.1299571399024397,15.286573243124394
1.8905440486366918,1.1264295847520445,15.386329785667712
1.8965461548194191,1.122934920978515,15.486088305911283
1.9025347692568182,1.1194726400223718,15.585848766081368
1.9085100133108146,1.1160422442487536,15.685611129426658
1.9144720067123764,1.1126432466483311,15.785375360183295
1.9204208675910315,1.109275170548123,15.885141423541334
1.9263567125038097,1.105937549331837,15.984909285612542
1.9322796564634444,1.1026299261693788,16.0846789133995
1.9381898129659718,1.099351853755169,16.184450274765947
1.9440872940177938,1.0961028940549236,16.28422333840829
1.9499722101620198,1.0928826180606077,16.383998073828245
1.9558446705043575,1.0896906055532132,16.483774451306548
1.9617047827383192,1.0865264448731033,16.58355244187769
1.9675526531699892,1.0833897326976147,16.683332017305627
1.9733883867421453,1.0802800738256797,16.783113150060437
1.9792120870579724,1.0771970809691618,16.882895813295857
1.9850238564041633,1.074140374550723,16.982679980827672
1.9908237957735948,1.0711095825079147,17.082465627112942
1.9966120048874794,1.068104340103328,17.182252727229976
2.0023885822170553,1.0651242897405446,17.282041256859095
2.0081536250048746,1.0621690807856883,17.381831192264052
2.013907229285487,1.0592383693944054,17.481622510274203
2.0196494899059063,1.056331818344031,17.581415188267282
2.02538050054545,1.0534490968708032,17.681209204152825
2.0311003537352925,1.0505898805119274,17.78100453635619
2.0368091408775357,1.0477538509523212,17.88080116380316
2.0425069522639663,1.0449406958758771,17.980599065905075
2.0481938770943175,1.0421501088211018,18.080398222544524
2.05387000349428,1.0393817890409556,18.180198614061528
2.059535418533011,1.0366354413667729,18.280000221240197
2.0651902082404283,1.0339107760761093,18.379803025295885
2.0708344576240125,1.0312075087643884,18.479607007862754
2.0764682506854104,1.028525360220216,18.579412150981803
2.082091670436576,1.025864056304251,18.679218437089286
2.087704798915656,1.0232233278314904,18.779025849005546
2.0933077172025722,1.020602910456884,18.878834369924192
2.0989005054342185,1.0180025445641505,18.978643983401692
2.1044832428194824,1.015421975157682,19.07845467334728
2.110056007653792,1.0128609517574712,19.17826642401321
2.115618877333588,1.0103192282969151,19.278079219985333
2.1211719283702855,1.007796563023443,19.377893046174
2.1267152364041917,1.005292718401851,19.47770788780524
2.1322488762179423,1.002807461020279,19.577523730412253
2.1377729217498627,1.000340561498714,19.67734055982715
2.143287446106937,0.9978917943999778,19.777158362172987