5.119800092512725,8.24414897041009,15.041854367241898
5.108915753125685,8.270747521261406,14.946072996316126
5.097994544811196,8.297590621359202,14.850364093637312
5.087036830776189,8.324697835046669,14.75473383159386
5.076042516907112,8.352073804410328,14.65918435943163
5.0650115177179895,8.3797233104644,14.56371791039403
5.053943757090352,8.407651280240687,14.46833680644236
5.042839169074858,8.435862794407171,14.373043463341839
5.031697698764343,8.464363095547432,14.277840396173646
5.020519303241565,8.493157597057793,14.182730225285944
5.009303952613521,8.522251892837637,14.08771568276317
4.998051631138061,8.551651767757479,13.992799619441287
4.986762338458492,8.58136320913255,13.897985012573164
4.975436090951851,8.61139241914208,13.803274974167504
4.964072923209776,8.641745828452496,13.70867276012628
4.952672889666678,8.672430111152098,13.614181780268076
4.941236066390483,8.703452201091157,13.519805609327651
4.929762553062,8.734819309936968,13.42554799909983
4.918252475162726,8.766538947050197,13.331412891843371
4.9067059864018185,8.798618941494494,13.237404435139426
4.895123271415406,8.831067466479244,13.143526998412431
4.883504548776605,8.863893066564101,13.049785191350416
4.871850074361609,8.897104688034172,12.956183884511555
4.860160145128147,8.93071171297043,12.862728232472175
4.848435103367982,8.964723997527786,12.769423699901905
4.836675341514635,8.999151915198325,12.676276091086024
4.8248813075986146,9.03400640586613,12.583291583479363
4.8130535114594135,9.069299031584482,12.490476765983837
4.8011925318589945,9.105042040445973,12.39783868288266
4.789299024665788,9.141248440038698,12.305384884514748
4.777373732310967,9.177932082191672,12.213123485978512
4.765417494790936,9.215107761563527,12.121063235642495
4.753431262539664,9.252791330873624,12.029213595553555
4.741416111591477,9.290999836484826,11.937584836467481
4.729373261573403,9.329751679093206,11.846188151013516
4.717304097221907,9.369066805562301,11.755035789517416
4.705210194344738,9.408966939965623,11.66414122450783
4.693093351437711,9.449475864236664,11.573519351827148
4.680955628600498,9.490619762607219,11.48318673914989
4.668799395978661,9.532427648716615,11.393161936557275
4.656627394863711,9.574931902033008,11.303465869843928
4.644442815830031,9.618168950023856,11.214122345478211
4.632249400316043,9.662180149475542,11.12515870968658
4.620051575011973,9.707012943204544,11.036606723755819
4.607854633394573,9.752722408425685,10.94850375094501
4.595664986714847,9.799373374092285,10.860894403580579
4.5834905205108,9.847043389259818,10.773832891049274
4.571341117380513,9.895827008684751,10.687386474734035
4.559229452954109,9.945842197969018,10.601640746012917
4.547172264089476,9.99724031255884,10.516708062274732
4.5351924865711455,10.05022246951481,10.432741810253908
4.5233231235716405,10.105068199333397,10.349962292331954
4.5116149391133655,10.16219010209962,10.268708352549154
4.500153857936383,10.222250886856147,10.189554445389662
4.489108817265829,10.286462573651383,10.113633438497411
4.488040423782231,10.293185815516114,10.106308240573915
4.486980625352321,10.299977553584947,10.09904522605332
4.485930202067075,10.306842174405556,10.091849657874477
4.48489004918787,10.31378458825366,10.084727578700763
4.483861201540459,10.320810318275045,10.077685976356896
4.482844864892913,10.327925610028823,10.070732996683967
4.481842456549251,10.335137565078613,10.063878218961442
4.480855658871843,10.342454306633886,10.057133019135161
4.4798864907109195,10.349885184440119,10.050511054673123
4.4789374046143084,10.35744103053276,10.04402892456568
4.478011421266343,10.365134476262416,10.037707082291176
4.4771123197346805,10.372980344867386,10.031571128069878
4.476244912389418,10.380996125120845,10.025653676687158
4.475415452446011,10.389202515503122,10.019997127047382
4.474632254100984,10.39762396911134,10.014657877521985
4.473906661779653,10.406289009389596,10.009712916176968
4.473254602201462,10.415229650061235,10.005270377010655
4.472699101825375,10.424478056976733,10.001486668427722
4.47227429070248,10.434055384056135,9.998593728893892
4.4720310064651,10.443939681925617,9.996937210681393

4.4720310064651,10.443939681925617,9.996937210681393
4.472040712465665,10.453985747694558,9.997003295391348
4.472382256684462,10.463784369670954,9.999328921837071
4.473087796396045,10.472632716135097,10.004134110794208
4.47409453866366,10.479943831517323,10.01099316475443
4.4752950197370875,10.485644928680093,10.019175993806936
4.476605672763689,10.489989008490058,10.028114520372078
4.477977358976345,10.493271180949844,10.037474580434365
4.4793831484172415,10.495730154039029,10.04707297167869
4.480808151004633,10.497542331667802,10.056808352554793
4.482243862566919,10.498836258995645,10.066622809716344
4.483685250160541,10.499706640418216,10.07648204170264
4.485129239118058,10.50022456736837,10.086365071029796
4.486573902226868,10.500444495368956,10.096258729826982
4.488018008358454,10.500408988068463,10.106154589570293
4.489460761846495,10.500151769734911,10.11604718798497
4.490901646487087,10.49970022269942,10.125932967502566
4.492340329557436,10.49907673741943,10.135809621964247
4.49377660073148,10.498299887513532,10.145675680731129
4.495210332793775,10.497385278798506,10.15553024112336
4.501780145088272,10.491729726554956,10.200762947091386
4.515872054640883,10.473906376158565,10.298206357530546
4.529745167486462,10.451542703752164,10.39470007229118
4.543442587793307,10.426401272667828,10.490521817939381
4.556992216966818,10.399385566456868,10.585849128656044
4.570413378734311,10.371030912020386,10.680803212454862
4.583720162820058,10.341685538139487,10.775471049511147
4.596923260323774,10.311591081835125,10.869917493592585
4.610031043700739,10.280923352404365,10.964192374017786
4.6230502386114205,10.24981497504326,11.05833490084114
4.635986361679153,10.218368881603752,11.15237652619097
4.648844017023934,10.186666802749983,11.246342876209951
4.6616271038449755,10.154774856232054,11.340255098945171
4.674338965882625,10.122747361588164,11.434130831544163
4.686982501667888,10.090629525417102,11.527984911255063
4.699560247585974,10.058459381942917,11.621829909272828
4.71207444162122,10.026269227399338,11.715676539031943
4.7245270730897815,9.994086701585358,11.809533973696272
4.736919921997315,9.961935617439751,11.90341009658751
4.7492545906042345,9.929836607501354,11.997311701408291
4.7615325290302435,9.897807634501795,12.091244654160757
4.773755056247391,9.86586439978104,12.185214025522933
4.785923377455245,9.834020673638406,12.279224200114466
4.798038598584904,9.802288565256209,12.37327896747384
4.8101017385122145,9.770678745559026,12.467381598499648
4.8221137393979605,9.739200632389034,12.56153491001441
4.83407547551781,9.707862546003582,12.655741319806149
4.845987760840993,9.676671840451329,12.750002893789938
4.857851355567409,9.645635015236776,12.844321386621374
4.869666971802835,9.614757811021606,12.938698276919087
4.8814352785059505,9.584045292059862,13.033134797937354
4.893156905813833,9.553501917467178,13.127631964354947
4.904832448850666,9.523131603442309,13.222190595862628
4.9164624710822675,9.492937777570408,13.316811337919876
4.928047507287493,9.462923426604696,13.41149468014167
4.939588066196323,9.433091138635525,13.506240972621576
4.951084632837206,9.40344314041612,13.60105044045421
4.962537670636643,9.373981330665943,13.695923196735116
4.97394762329349,9.344707309676586,13.790859254160727
4.98531491646363,9.315622405916734,13.885858535464777
4.996639959273248,9.286727699912053,13.98092088279596
5.007923145681526,9.258024045757555,14.076046066165269
5.019164855709268,9.229512090536495,14.171233791064674
5.030365456551264,9.201192291971738,14.266483705372194
5.041525303580723,9.17306493439123,14.361795405583933
5.052644741260707,9.145130143290121,14.457168442472357
5.063724103970468,9.11738789859888,14.552602326216963
5.074763716757007,9.089838046827044,14.648096531070028
5.0857638960179505,9.062480312166683,14.743650499594118
5.096724950122109,9.035314306640755,14.839263646507504
5.107647179977804,9.008339539516824,14.934935362210677
5.118530879547164,8.981555425836637,15.030665015961592
5.129376336319165,8.954961294395929,15.12645195880287
5.140183831738728,8.928556395004158,15.22229552620159
5.150953641600935,8.902339905259918,15.318195040475077
5.161686036409682,8.876310936748698,15.414149812984054
5.172381281707225,8.850468540824554,15.51015914614417
5.183039638375046,8.824811713941825,15.606222335252653
5.193661362909387,8.799339402582918,15.702338670148475
5.20424670767396,8.774050507849855,15.798507436729341
5.2147959211313095,8.748943889707347,15.89472791832711
5.225309248055296,8.72401837093165,15.990999396960547
5.235786929725445,8.699272740765112,16.087321154469635
5.246229204105556,8.674705758314127,16.183692473545168
5.256636306007911,8.650316155719104,16.280112638664477
5.267008467243834,8.626102641094562,16.376580936936236
5.277345916761388,8.60206390123766,16.47309665885711
5.287648880773202,8.578198604197919,16.569659099006376
5.297917582872765,8.554505401619116,16.66626755665889
5.308152244141813,8.530982930937606,16.76292133633995
5.318353083249316,8.50762981743396,16.8596197483234
5.328520316542303,8.484444676130032,16.956362109073158
5.338654158129333,8.461426113545775,17.053147741633776
5.348754819957866,8.438572729358045,17.14997597598182
5.358822511885031,8.415883117911724,17.246846149327972
5.3688574417431925,8.393355869648625,17.3437576063869
5.378859815400438,8.370989572423728,17.440709699609148
5.388829836816062,8.348782812721936,17.537701789379504
5.398767708092368,8.32673417680443,17.634733244189757
5.408673629522076,8.30484225175583,17.731803440780322
5.418547799632345,8.283105626458823,17.82891176425799
5.428390415225667,8.261522892507626,17.926057608193176
5.4382016714174535,8.240092645033865,18.023240374691746
5.447981761671276,8.218813483491076,18.120459474452492
5.457730877831291,8.197684012364034,18.21771432680352
5.467449210152555,8.17670284183349,18.315004359725013
5.4771369473292335,8.155868588384502,18.412329009856347
5.486794276520743,8.13517987536153,18.509687722488966
5.496421383376442,8.114635333491757,18.607079951550055
5.506018452058541,8.094233601355285,18.70450515957297
5.515585665263472,8.07397332581508,18.801962817657678
5.5251232042422735,8.053853162421236,18.899452405424604
5.534631248819335,8.033871775760238,18.99697341095621
5.544109977410419,8.014027839796189,19.09452533073636
5.553559567039509,7.994320038162745,19.192107669579283
5.562980193354724,7.974747064434545,19.289719940554356
5.572372030643507,7.9553076223697765,19.387361664905228
5.581735251846954,7.936000426127662,19.485032371964337
5.591070028573598,7.916824200466118,19.58273159906405
5.60037653111239,7.897777680911046,19.680458891442935
5.609654928445361,7.878859613912514,19.778213802150365
5.618905388259462,7.86006875697278,19.875995891946694
5.628128076958305,7.8414038787668945,19.973804729203124
5.637323159673161,7.822863759235609,20.07163988979752
5.646490800273798,7.804447189676506,20.16950095701127
5.655631161378859,7.786152972802319,20.267387521421334
5.664744404366071,7.7679799228037645,20.3652991807947
5.67383068938199,7.7499268653876054,20.46323553997976
5.682890175351586,7.7319926378068295,20.561196210797902
5.691923019987762,7.714176088880509,20.659180811934856
5.700929379800327,7.696476079003268,20.757188968831898
5.70990941010517,7.678891480142732,20.855220313576602
5.7188632650329385,7.661421175830817,20.953274484794306
5.727791097537865,7.6440640611463815,21.051351127539814
5.736693059406181,7.626819042686862,21.14944989318899
5.745569301264685,7.609685038540403,21.247570439332286
5.7544199725889875,7.592660978241118,21.345712429667138
5.763245221711799,7.57574580272593,21.44387553389252
5.7720451958310965,7.558938464284382,21.542059427604116
5.78082004101819,7.542237926499575,21.64026379218985
5.789569902225781,7.525643164190668,21.738488314727494
5.798294923295818,7.509153163343195,21.836732687882105
5.806995246967596,7.492766921042781,21.934996609805783
5.815671014885425,7.476483445398514,22.033279784037624
5.824322367606562,7.460301755467957,22.131581919405658
5.832949444608994,7.4442208811787856,22.229902729930064
5.841552384299072,7.428239863242488,22.328241934726847
5.850131324019416,7.4123577530703315,22.426599257913615
5.858686400056422,7.396573612687611,22.524974428516842
5.86721774764796,7.380886514640811,22.62336718037969
5.875725500991089,7.365295541908079,22.721777252072027
5.884209793249606,7.349799787805351,22.82020438680143
5.892670756561601,7.334398355889572,22.91864833232539
5.901108522047085,7.319090359867865,23.01710884086605
5.909523219815495,7.30387492349292,23.11558566902438
5.917914978973239,7.288751180471364,23.21407857769793
5.926283927631168,7.273718274360883,23.312587331998415
5.934630192912102,7.258775358471355,23.411111701171407
5.942953900958289,7.243921595765028,23.509651458517368
5.951255176938776,7.229156158756449,23.60820638131412
5.95953414505697,7.214478229407324,23.706776250739985
